
1-term Groups

[1][0]:53-cycle
0,1.000000

[1][1]:53-cycle
1,1.000000

2-term Groups

[2][2]:53-cycle
2,1.000000

3-term Groups

[3][4]:53-cycle
4,1.000000

4-term Groups

[4][7]:53-cycle
7,0.967773

5-term Groups

[5][11]:53-cycle
11,0.939007

6-term Groups

[6][16]:53-cycle
16,0.961345

7-term Groups

[7][22]:53-cycle
22,1.011426

8-term Groups

[8][29]:53-cycle
29,1.026943

[8][46]:53-cycle
46,0.921427

9-term Groups

[9][1]:53-cycle
54,1.005828

[9][20]:53-cycle
73,0.956230

[9][37]:53-cycle
37,1.085055

10-term Groups

[10][7]:53-cycle
113,0.953565

[10][10]:53-cycle
63,1.047778

[10][29]:53-cycle
82,1.000195

[10][39]:53-cycle
92,0.997760
145,0.950353

11-term Groups

[11][3]:53-cycle
268,0.981463

[11][7]:53-cycle
166,1.010443

[11][8]:41-cycle
326,0.977991

[11][10]:53-cycle
222,0.993560

[11][14]:53-cycle
373,0.941314

[11][17]:53-cycle
123,1.042783

[11][18]:53-cycle
177,0.972618

[11][26]:53-cycle
291,0.953593

[11][27]:53-cycle
492,0.958190

[11][28]:53-cycle
134,1.001805

[11][29]:53-cycle
188,1.004787

[11][33]:53-cycle
245,0.962418

[11][40]:53-cycle
199,0.968676

[11][49]:53-cycle
102,1.068319
155,1.023225

12-term Groups

[12][0]:41-cycle
624,0.994091
31872,0.966955
31897,0.969786
31935,0.968257
31960,0.969944
31998,0.969099
32036,0.968427
32048,0.968513
32086,0.967857
32111,0.969080
32149,0.968623
32187,0.966837
32212,0.969077
32237,0.968022
32275,0.963197
32313,0.969880
32325,0.958824
32376,0.953481
32401,0.968895
32439,0.966150
32464,0.969457
32489,0.964462
32514,0.969110
32552,0.968343
32590,0.967077
32615,0.969836
32653,0.968271
32678,0.969948
32716,0.969094
32754,0.968418
32766,0.968503
32817,0.969388
32829,0.969065
32867,0.968607
32905,0.968506
32930,0.969357
32955,0.968107
32993,0.963210
33031,0.969875
33043,0.958809
33094,0.953454
33119,0.968874
33157,0.966125
33182,0.969432
33207,0.967280
33245,0.963265
33270,0.968395
33308,0.967075
33333,0.969824
33371,0.968248
33396,0.969923
33434,0.969064
33472,0.968385
33484,0.968468
33535,0.969352
33560,0.967089
33585,0.969081
33623,0.968562
33648,0.969365
33686,0.969595
33711,0.963173
33749,0.969840
33761,0.958759
33812,0.953392
33837,0.968830
33875,0.968024
33900,0.969691
33925,0.967341
33963,0.963244
33988,0.968366
34026,0.967032
34051,0.969781
34089,0.968198
34114,0.969873
34152,0.969011
34190,0.968329
34202,0.968411
34253,0.969717
34278,0.967160
34303,0.969084
34341,0.968525
34366,0.969320
34404,0.969542
34429,0.963105
34467,0.969780
34492,0.967881
34530,0.966152
34555,0.969300
34593,0.968055
34631,0.965244
34643,0.967297
34694,0.968075
34706,0.968303
34744,0.966961
34769,0.969713
34807,0.968125
34832,0.969802
34870,0.968936
34908,0.969074
34920,0.968723
34971,0.969698
34996,0.967107
35021,0.969024
35072,0.969707
35084,0.969247
35122,0.969465
35147,0.963011
35185,0.959433
35210,0.968898
35248,0.966201
35273,0.969278
35311,0.967992
35349,0.965158
35361,0.967214
35412,0.967987
35424,0.968215
35462,0.966867
35487,0.969625
35525,0.968030
35563,0.968375
35588,0.969172
35626,0.969054
35638,0.968682
35689,0.969620
35714,0.967015
35739,0.968933
35790,0.969613
35802,0.969150
35840,0.969367
35865,0.966776
35903,0.959503
35928,0.968879
35966,0.966120
36004,0.970142
36029,0.967893
36067,0.965044
36079,0.967106
36130,0.967877
36155,0.969929
36180,0.966751
36231,0.968646
36243,0.968513
36294,0.969536
36306,0.969111
36344,0.968962
36369,0.962323
36407,0.969514
36445,0.969061
36457,0.968820
36508,0.969498
36520,0.963667
36571,0.963701
36596,0.969255
36621,0.959384
36646,0.968780
36684,0.965998
36722,0.970029
36747,0.967769
36785,0.964907
36810,0.969484
36848,0.967748
36886,0.967339
36898,0.967905
36949,0.968609
36961,0.968449
37012,0.969427
37024,0.968997
37062,0.968838
37087,0.962169
37125,0.969386
37163,0.968929
37188,0.965261
37226,0.969660
37251,0.968422
37289,0.963577
37314,0.969140
37339,0.959217
37377,0.969872
37402,0.965850
37453,0.966430
37465,0.967624
37503,0.964747
37528,0.969344
37566,0.968576
37604,0.967315
37616,0.967845
37667,0.968486
37692,0.970144
37730,0.969290
37755,0.964707
37780,0.968693
37805,0.961991
37843,0.952101
37881,0.969287
37919,0.968767
37944,0.969559
37969,0.968293
38007,0.963409
38032,0.968995
38057,0.959020
38095,0.969724
38133,0.969001
38171,0.966261
38196,0.969543
38221,0.967397
38246,0.969538
38284,0.968494
38322,0.967175
38334,0.967702
38385,0.968330
38410,0.969993
38448,0.969131
38473,0.964523
38498,0.968528
38536,0.968888
38574,0.967274
38599,0.969183
38637,0.968623
38662,0.969409
38687,0.968129
38725,0.963214
38763,0.969854
38775,0.958797
38826,0.953432
38851,0.968829
38889,0.968017
38914,0.969677
38939,0.967325
38977,0.963229
39002,0.968337
39040,0.966999
39065,0.969741
39103,0.968152
39128,0.969822
39166,0.968953
39204,0.969086
39216,0.968733
39267,0.969700
39292,0.967111
39317,0.969020
39355,0.968446
39380,0.969233
39418,0.969447
39443,0.962997
39481,0.969673
39506,0.967767
39544,0.966026
39569,0.969176
39607,0.967922
39645,0.965099
39657,0.967152
39708,0.967925
39720,0.968150
39758,0.966799
39783,0.969555
39821,0.967954
39859,0.968296
39884,0.969088
39922,0.968966
39934,0.968591
39985,0.969525
40010,0.966913
40035,0.968829
40086,0.969504
40098,0.969037
40149,0.970008
40161,0.962758
40199,0.959156
40224,0.968666
40262,0.965946
40300,0.969991
40325,0.967736
40363,0.964880
40388,0.969453
40426,0.967716
40451,0.969771
40476,0.966579
40527,0.968475
40539,0.968338
40590,0.969360
40602,0.968930
40640,0.968777
40665,0.962108
40703,0.969323
40741,0.968864
40753,0.968618
40804,0.969295
40816,0.968824
40867,0.963280
40892,0.968962
40917,0.959074
40955,0.969762
40980,0.965739
41031,0.966325
41056,0.969596
41081,0.964637
41106,0.969239
41144,0.967488
41182,0.967072
41194,0.967639
41245,0.968342
41270,0.970011
41308,0.969158
41333,0.964565
41358,0.968558
41396,0.967898
41421,0.969102
41459,0.968637
41471,0.968389
41522,0.969069
41547,0.968011
41585,0.963190
41623,0.969839
41635,0.958808
41673,0.969554
41711,0.968830
41749,0.966077
41774,0.969370
41799,0.964373
41824,0.969008
41862,0.968228
41900,0.966952
41925,0.969705
41963,0.968125
41988,0.969797
42026,0.968930
42064,0.968243
42076,0.968320
42127,0.969195
42139,0.968864
42177,0.968394
42215,0.968283
42240,0.969126
42278,0.969378
42303,0.962937
42341,0.969619
42366,0.967715
42404,0.953099
42429,0.968587
42467,0.965810
42505,0.964843
42517,0.966953
42568,0.967826
42580,0.968055
42618,0.966717
42643,0.969479
42681,0.967877
42719,0.966140
42744,0.968681
42782,0.967987
42794,0.968063
42845,0.968944
42883,0.968870
42895,0.968653
42946,0.969385
42958,0.968920
43009,0.969905
43034,0.968204
43059,0.969373
43084,0.967451
43122,0.952712
43160,0.969578
43185,0.967498
43223,0.964715
43248,0.969313
43286,0.967583
43311,0.969647
43336,0.966446
43361,0.969228
43387,0.966789
43399,0.967609
43450,0.968500
43462,0.968415
43500,0.967714
43525,0.961717
43563,0.969106
43601,0.968689
43613,0.968446
43664,0.969140
43689,0.965776
43727,0.969650
43752,0.967932
43777,0.969109
43815,0.969113
43853,0.968784
43891,0.966111
43916,0.969410
43941,0.964439
43966,0.969063
44004,0.967307
44042,0.960021
44054,0.966154
44105,0.966496
44130,0.969519
44168,0.968219
44193,0.964146
44218,0.968265
44256,0.967664
44281,0.968886
44319,0.968430
44357,0.966638
44382,0.968868
44407,0.965471
44445,0.969377
44483,0.969210
44495,0.958307
44546,0.953123
44571,0.968588
44609,0.965833
44634,0.969149
44659,0.964124
44697,0.969842
44722,0.967010
44760,0.959654
44785,0.968962
44823,0.966186
44848,0.969236
44886,0.968600
44924,0.967964
44936,0.968046
44987,0.968945
45012,0.958218
45037,0.968142
45088,0.968748
45100,0.968578
45138,0.968363
45163,0.962426
45201,0.969299
45226,0.967413
45264,0.952715
45302,0.969566
45327,0.965519
45365,0.969765
45377,0.963786
45428,0.963639
45453,0.969172
45478,0.959267
45503,0.968663
45529,0.966594
45541,0.967462
45592,0.968445
45604,0.968366
45642,0.967680
45667,0.969734
45705,0.968651
45743,0.967318
45755,0.967834
45806,0.968443
45831,0.965550
45869,0.969549
45894,0.967861
45919,0.969051
45957,0.969067
45982,0.952259
46020,0.969272
46058,0.968694
46083,0.969467
46108,0.968186
46146,0.963277
46184,0.959724
46196,0.965928
46247,0.966400
46272,0.969440
46310,0.968153
46335,0.969743
46360,0.967364
46385,0.969435
46423,0.968337
46461,0.966989
46499,0.966392
46524,0.968714
46549,0.965358
46587,0.969289
46625,0.969133
46637,0.968752
46688,0.969663
46713,0.967061
46738,0.968959
46776,0.968374
46801,0.969153
46839,0.969361
46864,0.966768
46902,0.959508
46927,0.968847
46965,0.966082
46990,0.969141
47028,0.967831
47066,0.964977
47078,0.967027
47129,0.967787
47154,0.957857
47179,0.967928
47230,0.968618
47242,0.968452
47293,0.969417
47305,0.968981
47343,0.968815
47368,0.962158
47406,0.969345
47444,0.968880
47456,0.968630
47507,0.969298
47532,0.968247
47570,0.963464
47595,0.969028
47620,0.959112
47645,0.968536
47683,0.965729
47734,0.966300
47746,0.967488
47784,0.964602
47809,0.969197
47847,0.968417
47885,0.967146
47897,0.967670
47948,0.968301
47973,0.969958
48011,0.969091
48036,0.964489
48061,0.968478
48099,0.967811
48124,0.951807
48162,0.969049
48200,0.968519
48225,0.969306
48250,0.968029
48288,0.963109
48326,0.969742
48338,0.958678
48389,0.953298
48414,0.968699
48452,0.965930
48477,0.969228
48502,0.967059
48553,0.967922
48565,0.968147
48603,0.966810
48628,0.969557
48666,0.967956
48691,0.969628
48729,0.968748
48767,0.968052
48779,0.968125
48830,0.969421
48855,0.966842
48880,0.968762
48931,0.969444
48943,0.968974
48994,0.969942
49006,0.962695
49044,0.969401
49069,0.967479
49107,0.952767
49145,0.969591
49170,0.967510
49208,0.964728
49233,0.969314
49271,0.967581
49296,0.969639
49321,0.966439
49346,0.969214
49372,0.966775
49384,0.967591
49435,0.968476
49447,0.968388
49485,0.968516
49510,0.961877
49548,0.969124
49586,0.968669
49598,0.968418
49649,0.969096
49674,0.965727
49712,0.969594
49737,0.967871
49762,0.969044
49800,0.969044
49838,0.968709
49876,0.966029
49901,0.969327
49926,0.964347
49951,0.968974
49989,0.967209
50027,0.959908
50039,0.966047
50090,0.966384
50115,0.969410
50153,0.968774
50191,0.968140
50203,0.968219
50254,0.969108
50266,0.968774
50304,0.968304
50342,0.966498
50367,0.968730
50405,0.968514
50430,0.969231
50468,0.969059
50493,0.967437
50531,0.952905
50556,0.968422
50594,0.965652
50632,0.969877
50644,0.963929
50695,0.963780
50707,0.966817
50745,0.959425
50770,0.968772
50808,0.967572
50846,0.965906
50871,0.968465
50909,0.967779
50934,0.969822
50972,0.968739
51010,0.967409
51022,0.967920
51073,0.968522
51085,0.968348
51136,0.969294
51161,0.967822
51186,0.969061
51211,0.967160
51249,0.952362
51287,0.969318
51312,0.965239
51350,0.969510
51375,0.968232
51413,0.963334
51438,0.968903
51463,0.965971
51514,0.966437
51539,0.969468
51577,0.968180
51602,0.969765
51627,0.967387
51652,0.969451
51690,0.968352
51728,0.967003
51740,0.967520
51791,0.968128
51816,0.965206
51854,0.969235
51892,0.969106
51904,0.968726
51955,0.969643
51980,0.967043
52005,0.968937
52043,0.968351
52068,0.969127
52106,0.969332
52131,0.966737
52169,0.959477
52194,0.968811
52232,0.966042
52257,0.969099
52295,0.967784
52333,0.964927
52345,0.966975
52396,0.967731
52421,0.969772
52446,0.966581
52497,0.968460
52509,0.968316
52560,0.969326
52572,0.968890
52610,0.968729
52635,0.962066
52673,0.969259
52711,0.968791
52723,0.968539
52774,0.969205
52799,0.968151
52837,0.963355
52862,0.968927
52887,0.958988
52925,0.969654
52950,0.965611
53001,0.966180
53026,0.969449
53051,0.964472
53076,0.969076
53114,0.967310
53152,0.966884
53164,0.967445
53215,0.968140
53240,0.969809
53278,0.968943
53303,0.964326
53328,0.968326
53366,0.967655
53391,0.968857
53429,0.968381
53467,0.968263
53492,0.969097
53530,0.969342
53555,0.962906
53593,0.969568
53618,0.967662
53656,0.953052
53681,0.968517
53719,0.965733
53757,0.969939
53769,0.964000
53820,0.967609
53832,0.967867
53870,0.966572
53895,0.969343
53933,0.967738
53971,0.965997
53996,0.968534
54034,0.967834
54059,0.969867
54097,0.968780
54135,0.968698
54147,0.968475
54198,0.969201
54210,0.968729
54261,0.969709
54286,0.967997
54311,0.969163
54336,0.967229
54374,0.952418
54412,0.969349
54437,0.965269
54475,0.964280
54500,0.968991
54538,0.967286
54563,0.969367
54588,0.966147
54639,0.966488
54664,0.969501
54702,0.968198
54727,0.969776
54752,0.967395
54790,0.967510
54815,0.968784
54853,0.968357
54891,0.966573
54916,0.968797
54941,0.965402
54979,0.969299
55017,0.969127
55029,0.968741
55080,0.969640
55105,0.967035
55143,0.965541
55181,0.969871
55193,0.963955
55231,0.969696
55256,0.966861
55294,0.959496
55319,0.968816
55357,0.966027
55395,0.970021
55420,0.967757
55458,0.967684
55470,0.967792
55521,0.968742
55546,0.957987
55571,0.967938
55622,0.968544
55634,0.968368
55685,0.969313
55697,0.968871
55735,0.968695
55760,0.962018
55798,0.952152
55836,0.969248
55861,0.965209
55899,0.969494
55924,0.968223
55962,0.963335
55987,0.968898
56012,0.958928
56050,0.969603
56088,0.968867
56126,0.968045
56151,0.969688
56176,0.967336
56201,0.969412
56239,0.968321
56277,0.966976
56289,0.967491
56340,0.968100
56365,0.969758
56403,0.968877
56441,0.968180
56453,0.968249
56504,0.969532
56529,0.966964
56554,0.968870
56592,0.968294
56617,0.969072
56655,0.969280
56680,0.962814
56718,0.969485
56743,0.967569
56781,0.965809
56819,0.969924
56844,0.967686
56882,0.964843
56894,0.966893
56945,0.967655
56970,0.969699
56995,0.966503
57020,0.969264
57046,0.966830
57058,0.967639
57109,0.968516
57121,0.968425
57159,0.968548
57184,0.961923
57222,0.969146
57260,0.968688
57272,0.968435
57323,0.969106
57335,0.968627
57386,0.969596
57411,0.967873
57436,0.958623
57474,0.969475
57512,0.968786
57550,0.966048
57575,0.969327
57600,0.964340
57625,0.968956
57663,0.967184
57701,0.959880
57713,0.966012
57764,0.966343
57789,0.969364
57827,0.968724
57865,0.968086
57877,0.968161
57928,0.969045
57940,0.968708
57978,0.968234
58016,0.966423
58041,0.968652
58079,0.968432
58104,0.962517
58142,0.969349
58167,0.967466
58205,0.952820
58230,0.968346
58268,0.965554
58306,0.969777
58318,0.963813
58369,0.963656
58394,0.969167
58419,0.959281
58444,0.968648
58470,0.966579
58482,0.967439
58533,0.968411
58545,0.968326
58583,0.967634
58608,0.969680
58646,0.968589
58684,0.967251
58696,0.967761
58747,0.968360
58759,0.968182
58810,0.969452
58835,0.967758
58860,0.968941
58898,0.968951
58923,0.952120
58961,0.969141
58999,0.968556
59024,0.969323
59049,0.968035
59087,0.963107
59125,0.959537
59137,0.965749
59188,0.966212
59213,0.969257
59251,0.967956
59276,0.969547
59301,0.967152
59352,0.967901
59364,0.968115
59402,0.966753
59440,0.966146
59465,0.968471
59503,0.968308
59528,0.969036
59566,0.968872
59578,0.968484
59629,0.969393
59654,0.966769
59679,0.968672
59730,0.969330
59742,0.968853
59793,0.963326
59818,0.968968
59843,0.959116
59868,0.968520
59906,0.965723
59957,0.966292
59969,0.967472
60007,0.964588
60032,0.969169
60070,0.967407
60108,0.966980
60120,0.967536
60171,0.968224
60196,0.969885
60234,0.969018
60259,0.964417
60284,0.968398
60322,0.967727
60347,0.968920
60385,0.968443
60397,0.968186
60423,0.966641
60448,0.968853
60473,0.967785
60511,0.962935
60549,0.969594
60561,0.958515
60612,0.953127
60637,0.968550
60675,0.965770
60700,0.969071
60725,0.964036
60776,0.967634
60788,0.967889
60826,0.966593
60851,0.969357
60889,0.967751
60927,0.966010
60952,0.968539
60990,0.967837
61002,0.967905
61053,0.968775
61078,0.958005
61103,0.967947
61154,0.969121
61166,0.968663
61217,0.969672
61242,0.967965
61267,0.969130
61292,0.967197
61330,0.952390
61368,0.969312
61393,0.965230
61431,0.964238
61456,0.968947
61494,0.967238
61519,0.969317
61544,0.966093
61595,0.966431
61620,0.969442
61658,0.968135
61683,0.969712
61708,0.967326
61733,0.969386
61771,0.968278
61809,0.968191
61847,0.966458
61872,0.968694
61897,0.965300
61935,0.969203
61973,0.969031
61985,0.968643
62036,0.969542
62061,0.966929
62099,0.965429
62137,0.969765
62149,0.963834
62187,0.969585
62212,0.966740
62250,0.959354
62275,0.968695
62313,0.965895
62351,0.969897
62376,0.967623
62414,0.964748
62439,0.969307
62477,0.968522
62515,0.967252
62527,0.967766
62578,0.968384
62590,0.968207
62641,0.969156
62666,0.964571
62691,0.968533
62716,0.961828
62754,0.951919
62792,0.969080
62830,0.968545
62855,0.969322
62880,0.968044
62918,0.963130
62956,0.969736
62968,0.958696
63006,0.969418
63044,0.968676
63082,0.965904
63107,0.969190
63132,0.967017
63170,0.962982
63195,0.968089
63233,0.966746
63258,0.969486
63296,0.967876
63321,0.969543
63359,0.968654
63397,0.967951
63409,0.968018
63460,0.969307
63485,0.966720
63510,0.968635
63561,0.969309
63573,0.968833
63624,0.969795
63649,0.968084
63674,0.969241
63699,0.967310
63737,0.965533
63775,0.969674
63800,0.967417
63838,0.964551
63863,0.969136
63901,0.967377
63926,0.969435
63951,0.966211
64002,0.966537
64027,0.969537
64065,0.968231
64090,0.964168
64115,0.968258
64153,0.967649
64178,0.968855
64216,0.968390
64228,0.968133
64254,0.966592
64279,0.968806
64304,0.965410
64342,0.969294
64380,0.969118
64392,0.958220
64443,0.953021
64468,0.968467
64506,0.965700
64544,0.969902
64556,0.963971
64594,0.969682
64619,0.966836
64657,0.959458
64682,0.968774
64720,0.965977
64758,0.965748
64783,0.968376
64821,0.967729
64833,0.967802
64884,0.968693
64909,0.957914
64934,0.967868
64985,0.968464
64997,0.968284
65048,0.969224
65073,0.967748
65098,0.968980
65123,0.967075
65161,0.952265
65199,0.969220
65224,0.965132
65262,0.969400
65287,0.968116
65325,0.963204
65350,0.968776
65375,0.958773
65426,0.966151
65451,0.969261
65489,0.967999
65514,0.969593
65539,0.967208
65577,0.963088
65602,0.968169
65640,0.966812
65665,0.969542
65703,0.967929
65728,0.964993
65766,0.969029
65804,0.968893
65816,0.968508
65867,0.969422
65892,0.966805
65917,0.968702
65968,0.969358
65980,0.968881
66031,0.969834
66043,0.962576
66081,0.958954
66106,0.968457
66144,0.965714
66182,0.969751
66207,0.967476
66245,0.964599
66270,0.969174
66308,0.967412
66333,0.969465
66358,0.966244
66409,0.968130
66434,0.969835
66472,0.968991
66497,0.964401
66522,0.968380
66560,0.967711
66585,0.968902
66623,0.968425
66635,0.968166
66661,0.966621
66686,0.968831
66711,0.965435
66749,0.962730
66787,0.969511
66799,0.958449
66850,0.953083
66875,0.968506
66913,0.965727
66938,0.969028
66963,0.963990
67001,0.969696
67026,0.966849
67064,0.966412
67089,0.969248
67127,0.967671
67165,0.965941
67190,0.968473
67228,0.967772
67240,0.967838
67291,0.968709
67316,0.957927
67341,0.967877
67392,0.968468
67404,0.968288
67455,0.969548
67480,0.967859
67505,0.969034
67530,0.967103
67568,0.952274
67606,0.969223
67631,0.965132
67669,0.969397
67694,0.968112
67732,0.967022
67770,0.959833
67782,0.965957
67833,0.966312
67858,0.969332
67896,0.968023
67921,0.969603
67946,0.967210
67984,0.963080
68009,0.968161
68047,0.966799
68085,0.966189
68110,0.968505
68148,0.968340
68173,0.969062
68211,0.968896
68223,0.968505
68274,0.969409
68299,0.966787
68324,0.968683
68375,0.969336
68387,0.963505
68438,0.963512
68463,0.969043
68488,0.959159
68513,0.968537
68551,0.965727
68589,0.969745
68614,0.967461
68652,0.964573
68677,0.969149
68715,0.967383
68753,0.966952
68765,0.967506
68816,0.968189
68841,0.969847
68879,0.968976
68904,0.964372
68929,0.968351
68967,0.967677
68992,0.968867
69030,0.968387
69068,0.968263
69093,0.969087
69118,0.967824
69156,0.962897
69194,0.969540
69206,0.958442
69257,0.953034
69282,0.968473
69320,0.965684
69358,0.969880
69370,0.963940
69421,0.967539
69433,0.967792
69471,0.966490
69496,0.969258
69534,0.967643
69572,0.965896
69597,0.968428
69635,0.967720
69660,0.969752
69698,0.968655
69736,0.968567
69748,0.968339
69799,0.969058
69811,0.968581
69862,0.969556
69887,0.967835
69912,0.968998
69950,0.968993
69975,0.952188
70013,0.969166
70051,0.968576
70076,0.964066
70101,0.968791
70139,0.967071
70177,0.959785
70189,0.965915
70240,0.966250
70265,0.969272
70303,0.967956
70328,0.969538
70353,0.967138
70404,0.968838
70416,0.968522
70454,0.968086
70492,0.966284
70517,0.968516
70555,0.968298
70580,0.969010
70618,0.968831
70630,0.968438
70681,0.969337
70719,0.968862
70744,0.965193
70782,0.969551
70794,0.963583
70845,0.963452
70870,0.968983
70895,0.959064
70920,0.968461
70958,0.965639
71009,0.966194
71021,0.967373
71059,0.967293
71084,0.969414
71122,0.968349
71160,0.967016
71172,0.967526
71223,0.968131
71248,0.969781
71286,0.968897
71311,0.964274
71336,0.968262
71374,0.967583
71412,0.966838
71437,0.968803
71475,0.968261
71500,0.969040
71538,0.969251
71563,0.962793
71601,0.969450
71626,0.967534
71664,0.952886
71689,0.968373
71727,0.967532
71765,0.964753
71777,0.966803
71828,0.967575
71853,0.969619
71878,0.966419
71903,0.969179
71929,0.966742
71941,0.967547
71992,0.968419
72004,0.968324
72042,0.967611
72067,0.961617
72105,0.968973
72143,0.968543
72155,0.968289
72206,0.968966
72231,0.965594
72269,0.969451
72294,0.967721
72319,0.968887
72357,0.968879
72395,0.968534
72433,0.965836
72458,0.969135
72483,0.964133
72508,0.968765
72546,0.966983
72584,0.959647
72609,0.968909
72647,0.966125
72672,0.969156
72710,0.967832
72748,0.967752
72760,0.967854
72811,0.968792
72823,0.968453
72861,0.967980
72912,0.968575
72924,0.968395
72975,0.969329
72987,0.968884
73025,0.968702
73050,0.967062
73088,0.952400
73126,0.969296
73151,0.965230
73189,0.969483
73214,0.968205
73252,0.963311
73277,0.968860
73302,0.958893
73340,0.969550
73365,0.965491
73416,0.967978
73441,0.969615
73466,0.967257
73491,0.969328
73529,0.968229
73567,0.966876
73579,0.967387
73630,0.967988
73655,0.969644
73693,0.968753
73731,0.968869
73743,0.968502
73794,0.969449
73819,0.966844
73844,0.968736
73895,0.969392
73907,0.968914
73945,0.969115
73970,0.962621
74008,0.969306
74033,0.967379
74071,0.965602
74109,0.969727
74134,0.967473
74172,0.964612
74197,0.969181
74235,0.967423
74260,0.969473
74285,0.966254
74336,0.966575
74348,0.967383
74399,0.968923
74424,0.964371
74449,0.968355
74487,0.967697
74512,0.968887
74550,0.968411
74562,0.968151
74588,0.966608
74613,0.968814
74638,0.965419
74676,0.969294
74714,0.969113
74726,0.958224
74777,0.953024
74802,0.968454
74840,0.965684
74865,0.968987
74890,0.963950
74928,0.969655
74953,0.966806
74991,0.959427
75016,0.968739
75054,0.967528
75092,0.965858
75117,0.968400
75155,0.967707
75180,0.969740
75218,0.968646
75256,0.967307
75268,0.967811
75319,0.968401
75331,0.968219
75382,0.969154
75407,0.967674
75432,0.968905
75470,0.968942
75495,0.952160
75533,0.969134
75571,0.968549
75596,0.969309
75621,0.968021
75659,0.963095
75697,0.959524
75709,0.965723
75760,0.966177
75785,0.969215
75823,0.967909
75848,0.969494
75873,0.967095
75924,0.967837
75936,0.968047
75974,0.966680
75999,0.969416
76037,0.967793
76075,0.968118
76100,0.968889
76138,0.968750
76150,0.968360
76201,0.969274
76239,0.968803
76251,0.968546
76302,0.969200
76314,0.968719
76365,0.963174
76390,0.968825
76415,0.958943
76440,0.968366
76478,0.965554
76529,0.966118
76554,0.969376
76579,0.964398
76604,0.968991
76642,0.967216
76667,0.969276
76692,0.966034
76743,0.967925
76768,0.969637
76806,0.968785
76844,0.968099
76856,0.968165
76907,0.969027
76919,0.968684
76957,0.968201
76995,0.966383
77020,0.968603
77058,0.969071
77083,0.962640
77121,0.969333
77146,0.967421
77184,0.952748
77222,0.969512
77247,0.965462
77285,0.969680
77297,0.963706
77348,0.963538
77373,0.969050
77398,0.966133
77423,0.968986
77449,0.966581
77461,0.967394
77512,0.968290
77524,0.968196
77562,0.967486
77587,0.969530
77625,0.968424
77663,0.967073
77675,0.967580
77726,0.968759
77751,0.965416
77789,0.969305
77827,0.969138
77839,0.968749
77890,0.969642
77915,0.967041
77940,0.968918
77978,0.968322
78003,0.969086
78041,0.969282
78066,0.966681
78104,0.959422
78129,0.968734
78167,0.965955
78192,0.969002
78230,0.967676
78268,0.964810
78280,0.966850
78331,0.967594
78356,0.957643
78381,0.967711
78432,0.968387
78444,0.968210
78495,0.969163
78507,0.968717
78545,0.968538
78570,0.961847
78608,0.969045
78646,0.968565
78658,0.968305
78709,0.968961
78734,0.967896
78772,0.963065
78797,0.968656
78822,0.958656
78860,0.969369
78898,0.968627
78936,0.965852
78961,0.969134
78986,0.964115
79024,0.962738
79049,0.967940
79087,0.966643
79112,0.969393
79150,0.967784
79175,0.969452
79213,0.968559
79251,0.967853
79263,0.967917
79314,0.968778
79339,0.958028
79364,0.967941
79415,0.969106
79427,0.968645
79478,0.969645
79503,0.967936
79528,0.969095
79553,0.967159
79591,0.952357
79629,0.969260
79654,0.965174
79692,0.964176
79717,0.968880
79755,0.967164
79780,0.969239
79805,0.966008
79856,0.966338
79881,0.969348
79919,0.968033
79944,0.969607
79969,0.967213

[12][0]:53-cycle
1236,0.980234
2154,0.974048
3590,0.970714
12847,0.967067
13300,0.966844
21998,0.966508

[12][1]:41-cycle
1955,0.974906
10294,0.967625
18221,0.966649
20575,0.966052

[12][1]:53-cycle
1384,0.978133
3991,0.970298
4868,0.969583
5733,0.968093
6863,0.968076
7981,0.967468
8446,0.967718
8911,0.967668
11212,0.967411
12130,0.966886
14231,0.966576
14684,0.966346
15867,0.966434
16320,0.966053
18674,0.966095
19392,0.966870
21746,0.965949
22464,0.966448
22917,0.965512
23635,0.966084
24353,0.966485
26242,0.966060
26960,0.966435
29567,0.965803
30285,0.966032
31003,0.966114
31721,0.966148

[12][2]:41-cycle
22212,0.966965

[12][2]:53-cycle
361,1.013775
4404,0.970174
7064,0.968737
8647,0.968026
9112,0.968081
10495,0.967916
11413,0.967624
16786,0.967432
19140,0.967311
24101,0.967051
25990,0.966806
29315,0.966607
30033,0.966724
30751,0.966792
31469,0.966828

[12][3]:41-cycle
2316,0.974003
4617,0.969930
6612,0.969036
13262,0.966994
18888,0.966808
24567,0.967029
27892,0.967145
31217,0.966570

[12][3]:53-cycle
468,1.003852
721,0.990980
880,0.986972
1027,0.983733
1545,0.977555
2104,0.974305
3540,0.971152
3740,0.970389
5482,0.968805
6147,0.968296
7730,0.968805
9313,0.967408
9778,0.967296
10696,0.967244
12797,0.967864
13715,0.966872
14898,0.967205
15351,0.966914
16534,0.966849
16987,0.966415
17705,0.967355
19341,0.966215
20059,0.966926
23131,0.966281
23849,0.966680
25020,0.966207
25738,0.966505
26456,0.966757
26909,0.965691
27174,0.966969
27627,0.966029
28345,0.966219
29063,0.966358
29781,0.966459
30499,0.966529

[12][4]:41-cycle
3953,0.971409
7943,0.968772
26204,0.967508
29529,0.967267

[12][4]:53-cycle
1905,0.976117
5018,0.969864
5683,0.969752
6348,0.969105
12545,0.968135
12998,0.967971
17453,0.967886
19807,0.967546
20978,0.967505
25486,0.967252
28811,0.967161

[12][5]:41-cycle
8609,0.968488
12293,0.967383
13929,0.967978
19555,0.967125
25234,0.966965
28559,0.966928

[12][5]:53-cycle
1335,0.980278
1694,0.977199
2465,0.973287
2665,0.973065
2877,0.972459
3077,0.972080
4354,0.970886
5231,0.969587
5896,0.969285
6561,0.968471
7679,0.968145
8144,0.968470
9527,0.968959
10910,0.968536
11828,0.968114
12746,0.967411
14382,0.967788
15565,0.967941
16018,0.967599
17201,0.967395
17654,0.966920
18372,0.967774
20008,0.966500
20726,0.967147
21444,0.967707
22615,0.967343
24516,0.966654
26405,0.966381
27123,0.966600
27841,0.966781

[12][6]:41-cycle
9275,0.968992

[12][6]:53-cycle
830,0.988552
2054,0.975710
3690,0.972057
4767,0.970683
6097,0.970337
7227,0.969883
8345,0.969027
8810,0.969147
10193,0.969163
11111,0.968975
12029,0.968474
14130,0.968259
15766,0.968143
20474,0.967848
21645,0.967724

[12][7]:53-cycle
672,0.993542
7428,0.969708
19039,0.968220
24000,0.967986
26607,0.967913

[12][8]:41-cycle
4316,0.971050
6976,0.969867
22577,0.967730
25902,0.968323
29227,0.968147
31834,0.967362

[12][8]:53-cycle
420,1.009050
3027,0.972489
5181,0.970336
5846,0.970074
6511,0.969310
8094,0.969353
8559,0.969391
11778,0.969077
12243,0.968383
12696,0.968388
14332,0.968684
14797,0.967816
15968,0.968514
17151,0.968438
17604,0.967866
18787,0.967485
19505,0.968191
19958,0.967472
20676,0.968192
23748,0.967405
24466,0.967756
25184,0.968060
25637,0.967214
26355,0.967489
27073,0.967709
27791,0.967889
28509,0.968034
28962,0.967089
29680,0.967215
30398,0.967295
31116,0.967343

[12][9]:41-cycle
10608,0.969303
13627,0.969018
16899,0.968634
19253,0.968470
24214,0.968158
27539,0.968346

[12][9]:53-cycle
527,1.001163
3440,0.973111
5382,0.971162
6047,0.970751
8760,0.969684
9225,0.969550
11526,0.968989
11979,0.968979
14080,0.968892
15716,0.968777
20424,0.968540
21595,0.968317
26821,0.968161

[12][10]:41-cycle
20890,0.968599
23244,0.967345
26569,0.967773
29894,0.967458

[12][10]:53-cycle
940,0.986238
1446,0.979932
2005,0.976828
3853,0.972443
4053,0.971574
4930,0.970585
5595,0.970532
6260,0.969951
7378,0.970029
9426,0.968971
9891,0.968682
10344,0.968942
10809,0.968609
11727,0.968185
12910,0.969083
13363,0.969008
13828,0.968132
15464,0.968127
16635,0.968686
17100,0.967609
17818,0.968475
18271,0.967868
18989,0.968717
20172,0.968021
20625,0.967271
21343,0.967936
22061,0.968455
23950,0.968430
25133,0.967266
25851,0.967539
28458,0.967249
29176,0.967368
30600,0.968238
31318,0.968381

[12][11]:41-cycle
17566,0.968874

[12][11]:53-cycle
1088,0.984462
4266,0.972292
6461,0.970734
13111,0.969220
16383,0.969170
21091,0.968483
22980,0.968720

[12][12]:41-cycle
636,0.996028

[12][12]:53-cycle
1607,0.979177
3390,0.973535
6662,0.970486
17302,0.969030
19656,0.968840
23446,0.968767
25335,0.968629
28660,0.968569
29378,0.968700

[12][13]:41-cycle
1967,0.976584
10306,0.968908
14961,0.969060
16597,0.968699
23912,0.968468
27237,0.968722
30562,0.968289

[12][13]:53-cycle
3803,0.972731
4003,0.971795
4880,0.970984
5545,0.970970
6210,0.970429
7328,0.970451
9376,0.969539
9841,0.969286
10759,0.969225
11677,0.968733
13778,0.968798
15414,0.968808
17050,0.968314
17768,0.969172
19404,0.968096
20122,0.968741
21293,0.968570
23194,0.968097
25083,0.968023
25801,0.968295
26519,0.968526
27690,0.967859
28408,0.968016
29126,0.968137
29844,0.968228

[12][14]:41-cycle
12608,0.969616

[12][14]:53-cycle
279,1.029697
1756,0.978293
4216,0.972381
5081,0.971780
6411,0.970933
13061,0.969579
17516,0.969299
19870,0.968947
21041,0.968926

[12][15]:41-cycle
2328,0.975238
5294,0.971190
5959,0.970836
6624,0.970007
10973,0.969863
15628,0.969197
17264,0.968649
24579,0.967872
27904,0.967977

[12][15]:53-cycle
480,1.004878
733,0.992464
892,0.988438
1039,0.985259
2528,0.975236
2728,0.975082
2940,0.974322
3140,0.973941
3340,0.973342
7742,0.969753
8207,0.969910
9590,0.970314
11891,0.969438
12344,0.969398
12809,0.968748
14445,0.969097
16081,0.968891
17717,0.968217
18435,0.969010
19606,0.969069
20789,0.968385
21507,0.968912
21960,0.968137
22678,0.968678
23396,0.969096
25285,0.968884
27186,0.967807
28610,0.968835

[12][16]:41-cycle
7290,0.971067
21255,0.969339

[12][16]:53-cycle
1199,0.983515
4830,0.972055
8408,0.970307
8873,0.970282
10256,0.970245
11174,0.970045
12092,0.969557
18183,0.969351
22426,0.969166
23597,0.968753
24315,0.969182
30247,0.968707
30965,0.968843
31683,0.968888

[12][17]:41-cycle
13941,0.968558
17931,0.968805
22892,0.969163

[12][17]:53-cycle
588,0.998693
1347,0.981421
1706,0.978277
2677,0.974002
4166,0.972749
4366,0.971677
7026,0.970311
7491,0.970772
9074,0.969754
9539,0.969569
9992,0.969908
10457,0.969615
10922,0.969135
11375,0.969326
13476,0.969466
15112,0.969567
15577,0.968511
16748,0.969167
18384,0.968333
19102,0.969059
20273,0.969032
21456,0.968254
22174,0.968737
22627,0.967936
23345,0.968431
24063,0.968813
24781,0.969135
25952,0.968510
26670,0.968819
27388,0.969028
28106,0.969191
29277,0.968323
29995,0.968493
30713,0.968572
31431,0.968611

[12][18]:41-cycle
3302,0.974070
21922,0.969281

[12][18]:53-cycle
2278,0.976225
3502,0.973507
4579,0.972370
10658,0.969831
13224,0.969683
13677,0.969496
14860,0.969878
15313,0.969537
16496,0.969554
18850,0.969519
23093,0.969037
23811,0.969406
24982,0.968953
25700,0.969240
27589,0.968735
28307,0.968966
29025,0.969106
29743,0.969204
30461,0.969271
31179,0.969310

[12][19]:41-cycle
337,1.020096
1002,0.986711
26884,0.969383

[12][19]:53-cycle
684,0.994453
1508,0.980775
6775,0.971399
11589,0.970341

[12][20]:41-cycle
4993,0.971995
5658,0.971878
6323,0.971268
9954,0.969875
12973,0.970184
20235,0.969068
25914,0.968563
29239,0.968382

[12][20]:53-cycle
432,1.009179
1150,0.984500
1868,0.978370
4116,0.973078
9024,0.970272
9489,0.970177
10407,0.970221
10872,0.969779
11325,0.969895
11790,0.969371
13426,0.970130
13891,0.969254
14344,0.969000
15527,0.969223
15980,0.968823
16698,0.969854
17881,0.969529
18334,0.969049
21406,0.969003
22124,0.969481
23295,0.969113
29945,0.969194
30663,0.969329
31381,0.969381

[12][21]:41-cycle
1310,0.982616
1669,0.979571
2640,0.975558
7654,0.970914

[12][21]:53-cycle
233,1.041439
539,1.001628
2428,0.976113
2840,0.975358
13174,0.970062
16446,0.969965
21872,0.969730
23043,0.969487
24932,0.969344
28257,0.969367

[12][22]:41-cycle
3665,0.973507
8320,0.970575
20902,0.968703
30877,0.969424

[12][22]:53-cycle
1458,0.980551
2017,0.977370
2229,0.977185
3865,0.972766
4730,0.972655
6725,0.971491
7390,0.970238
7855,0.970488
12457,0.969988
12922,0.969221
13375,0.969150
14558,0.969527
15011,0.969218
16194,0.969287
16647,0.968842
17365,0.969793
18548,0.969355
19001,0.968834
19719,0.969508
22073,0.968558
22791,0.969000
23509,0.969386
23962,0.968565
24680,0.968962
25398,0.969263
26116,0.969513
27287,0.968804
28005,0.969040
28723,0.969189
29441,0.969298
30159,0.969375
30612,0.968362
31330,0.968473

[12][23]:41-cycle
8986,0.970889
11287,0.970548

[12][23]:53-cycle
794,0.991565
1100,0.985058
1818,0.978910
6938,0.971415
8056,0.970919
8521,0.970974
12205,0.970043
12658,0.969986
19467,0.969881
22539,0.969453
24428,0.969477
26317,0.969212
27035,0.969432
27753,0.969607
31796,0.969114

[12][24]:41-cycle
648,0.996470
19933,0.970008

[12][24]:53-cycle
2790,0.975536
7604,0.971464
18032,0.969925
22275,0.969742

[12][25]:41-cycle
11954,0.970389
21570,0.969761

[12][25]:53-cycle
384,1.014772
1261,0.983417
2179,0.977126
3615,0.973622
3815,0.972896
4680,0.972793
7340,0.970526
7805,0.970850
8270,0.970957
12407,0.970435
12872,0.969704
13325,0.969572
14508,0.970021
16144,0.969798
17780,0.969126
18498,0.969884
18951,0.969307
20852,0.969256
22023,0.969101
22741,0.969550
24630,0.969460
27955,0.969546
31280,0.968997

[12][26]:41-cycle
18246,0.969978

[12][26]:53-cycle
1409,0.981801
6888,0.971521
8006,0.970999
8471,0.971125
8936,0.971059
11237,0.970763
12155,0.970272
22489,0.969766
24378,0.969792
26267,0.969477
26985,0.969744
30310,0.969368
31028,0.969431
31746,0.969457

[12][27]:41-cycle
10985,0.969769
15640,0.969072
22237,0.969235
25562,0.969881
28887,0.969776

[12][27]:53-cycle
745,0.992870
904,0.988864
1051,0.985722
2540,0.975420
2740,0.975247
2952,0.974462
3152,0.974065
3352,0.973483
4429,0.972708
7089,0.971157
7554,0.971494
8672,0.970495
9137,0.970454
9602,0.970235
10055,0.970642
10520,0.970260
11438,0.969970
12356,0.969325
13539,0.970045
13992,0.969848
15175,0.970124
16811,0.969712
17982,0.970046
18447,0.968875
19165,0.969578
19618,0.968963
20336,0.969629
21519,0.968768
23408,0.968951
24126,0.969306
24844,0.969615
25297,0.968765
26015,0.969082
26733,0.969315
27451,0.969503
28169,0.969655
28622,0.968711
29340,0.968883
30058,0.968981
30776,0.969040
31494,0.969071

[12][28]:41-cycle
4642,0.973125
18913,0.969884
31242,0.969611

[12][28]:53-cycle
1211,0.983857
1570,0.980828
2129,0.977624
3565,0.974379
3765,0.973675
9338,0.970651
14923,0.970282
15376,0.970025
16559,0.969941
20084,0.969986
23874,0.969738
25763,0.969572
26481,0.969797
29088,0.969425
29806,0.969514
30524,0.969576

[12][29]:41-cycle
11652,0.970720

[12][29]:53-cycle
600,0.998847
1359,0.981745
1930,0.978494
4178,0.972726
5043,0.972102
5708,0.971940
6373,0.971294
6838,0.971939
7503,0.970645
10004,0.969775
12570,0.970118
13023,0.970031
13488,0.969275
14206,0.970545
14659,0.970292
15124,0.969369
15842,0.970412
16295,0.970028
16760,0.968960
17478,0.969827
18649,0.970058
19114,0.968844
19832,0.969490
20285,0.968843
20550,0.970064
21003,0.969457
21721,0.969965
24793,0.968908
25511,0.969185
26682,0.968592
27400,0.968798
28118,0.968960
28836,0.969087

[12][30]:53-cycle
2490,0.976301
2902,0.975434
3102,0.975058
5256,0.972498
5921,0.972173
7704,0.971117
8169,0.971323
11853,0.970906
12771,0.970251
14407,0.970583
16043,0.970393
17226,0.970183
20751,0.969935
27866,0.969566

[12][31]:41-cycle
349,0.996349

[12][31]:53-cycle
855,0.990371
3715,0.974030
5457,0.972589
6122,0.972122
7252,0.971636
9753,0.971185
16962,0.970348
19316,0.970167
21217,0.970031
24277,0.969834

[12][32]:41-cycle
14621,0.953123
16257,0.952798
18611,0.952948
23572,0.953068
30222,0.953106

[12][32]:53-cycle
444,1.008724
1162,0.984729
1880,0.978473
3928,0.973814
4128,0.972971
7453,0.971090
7918,0.971292
12520,0.970678
13438,0.969857
15074,0.969956
16710,0.969569
17428,0.970434
19064,0.969480
19782,0.970121
20953,0.970042
22136,0.969174
22854,0.969597
24025,0.969240
24743,0.969569
25461,0.969846
26179,0.970083
26632,0.969216
27350,0.969459
28068,0.969630
28786,0.969760
29504,0.969859
29957,0.968900
30675,0.969013
31393,0.969062

[12][33]:41-cycle
7001,0.960017

[12][33]:53-cycle
551,1.001550
3052,0.974902
5206,0.972576
5871,0.972288
8119,0.971520
8584,0.971537
12721,0.970532
17176,0.970522
17629,0.970052
19530,0.970275
20701,0.970282
24491,0.969845
25209,0.970127
27098,0.969794
27816,0.969959
28534,0.970092

[12][34]:41-cycle
10633,0.960179
13652,0.959890
15288,0.960002
16924,0.959449
19278,0.959264
24239,0.958903
27564,0.959164
30889,0.958543

[12][34]:53-cycle
2029,0.977427
2241,0.977186
3265,0.975136
3465,0.974598
4542,0.973546
4742,0.972475
5407,0.972556
6072,0.972123
6737,0.971250
7202,0.971696
8785,0.970990
9250,0.970847
9703,0.971263
10168,0.971003
11086,0.970813
11551,0.970264
12004,0.970312
12469,0.969670
14105,0.970141
15741,0.970023
17377,0.969456
18095,0.970257
19731,0.969158
20449,0.969752
21167,0.970278
21620,0.969596
22338,0.970097
23521,0.969026
25410,0.968900
26128,0.969150
26846,0.969361
28735,0.968821
29453,0.968929
30171,0.969006
31595,0.969825

[12][35]:53-cycle
806,0.991712
965,0.988134
4078,0.973815
4955,0.972805
5620,0.972709
6285,0.972132
9451,0.971117
10369,0.971130
10834,0.970748
15489,0.970240
17843,0.970547
18296,0.970040
20197,0.970109
21368,0.970036

[12][36]:41-cycle
660,0.989135

[12][36]:53-cycle
4291,0.973606
5156,0.972928
5821,0.972679
14772,0.970583
18762,0.970278
23723,0.970203
25612,0.969996
28937,0.969881
29655,0.970021
30373,0.970101
31091,0.970147

[12][37]:41-cycle
3015,0.969007
9665,0.964347
24907,0.963657
28232,0.963708
31557,0.963011

[12][37]:53-cycle
302,1.027220
396,1.013823
1273,0.983515
1632,0.980457
2191,0.977074
2391,0.977047
2603,0.976562
3215,0.975147
3415,0.974617
4492,0.973672
4692,0.972575
5357,0.972699
6022,0.972303
6687,0.971465
7152,0.971968
8735,0.971306
9200,0.971188
10118,0.971357
10583,0.970954
11036,0.971143
11501,0.970654
12419,0.970068
13602,0.970682
14055,0.970551
15238,0.970740
15691,0.970416
16874,0.970317
17327,0.969870
18510,0.969481
19228,0.970162
19681,0.969625
20399,0.970223
23471,0.969525
24189,0.969866
25360,0.969395
26078,0.969653
26796,0.969866
27514,0.970043
27967,0.969147
28685,0.969328
29403,0.969445
30121,0.969526
30839,0.969577

[12][38]:41-cycle
14986,0.965036
27262,0.964695

[12][38]:53-cycle
503,1.004739
4028,0.973662
5570,0.972706
6235,0.972161
9401,0.971231
10784,0.970900
15439,0.970451
20147,0.970355
21318,0.970244
26544,0.970126
29869,0.969834

[12][39]:41-cycle
12633,0.965179
20613,0.965117
25574,0.964094
28899,0.963980

[12][39]:53-cycle
757,0.992937
916,0.988962
1063,0.985843
1781,0.979565
2752,0.975100
4241,0.973430
5106,0.972794
5771,0.972580
6436,0.971903
7566,0.971142
10067,0.970259
13086,0.970445
14269,0.970870
14722,0.970678
15187,0.969702
15905,0.970720
16358,0.970397
17541,0.970125
17994,0.969635
18712,0.970404
19895,0.969768
20348,0.969190
21066,0.969746
21784,0.970233
22955,0.969944
23673,0.970353
24856,0.969163
27463,0.969046
28181,0.969200
29605,0.970160

[12][40]:41-cycle
2353,0.972464
5319,0.968391
5984,0.968028

[12][40]:53-cycle
1582,0.980816
7767,0.971540
8232,0.971663
11916,0.971149
14470,0.970803
16106,0.970595
20814,0.970087
22703,0.970367

[12][41]:53-cycle
612,0.998731
5520,0.973008
6185,0.972502
9816,0.971432
10734,0.971369
13753,0.970973
17025,0.970523
23169,0.970333
25058,0.970261
27665,0.970104
28383,0.970256

[12][42]:53-cycle
1731,0.938746

[12][44]:53-cycle
256,1.018296
456,0.990898
709,0.977761
1174,0.967208
1533,0.964722
2092,0.961667
4805,0.956262
6800,0.954818
8383,0.954613
8848,0.954637
10231,0.954753
11149,0.954547
11614,0.953675
12067,0.953891
14168,0.953607
15804,0.953496
18158,0.953889
20512,0.953137
21683,0.953024
22401,0.953733
30940,0.953393
31658,0.953467

[12][45]:53-cycle
563,0.988591
9049,0.959625
10432,0.959563
11350,0.959240
17906,0.958812
23320,0.958428

[12][46]:53-cycle
2253,0.966302
2453,0.966613
2865,0.965912
3277,0.964389
3477,0.963757
4554,0.962725
5419,0.961587
6549,0.962113
9715,0.960338
12281,0.961179
13199,0.960211
14835,0.960529
16471,0.960152
18107,0.959187
18825,0.960161
19996,0.960297
21179,0.959255
21897,0.959901
22350,0.959042
23068,0.959603
23786,0.960092
24957,0.959512
25675,0.959900
26393,0.960215
28282,0.959563
29000,0.959758
29718,0.959891
30436,0.959982
31154,0.960037
31607,0.958783

[12][47]:53-cycle
818,0.983381
977,0.979799
1483,0.973895
3890,0.966169
7880,0.963856
14583,0.962873
15036,0.962587
16219,0.962603
18573,0.962709
22816,0.962313
24705,0.962299
27312,0.962177
28030,0.962408

[12][48]:53-cycle
1125,0.978686
1843,0.972663
9929,0.964643
13866,0.964062

[12][49]:53-cycle
314,1.017818
408,1.005798
1285,0.976624
1644,0.973539
2403,0.970128
2615,0.969612
2815,0.969501
3227,0.968125
4504,0.966624
6499,0.966093
7164,0.964800
7629,0.965183
10130,0.964187
11048,0.963984
13149,0.964434
15250,0.963528
16421,0.964392
18057,0.963526
21129,0.963604
21847,0.964185
22300,0.963380
23018,0.963907

[12][50]:53-cycle
515,0.998203
3640,0.969177
7830,0.966318
8295,0.966447
14533,0.965472
16169,0.965229
22766,0.964980
24655,0.964941

[12][51]:53-cycle
210,1.045690
769,0.987225
928,0.983363
1434,0.977286
1793,0.973973
4918,0.968320
5118,0.966951
5783,0.966761
6913,0.966671
8031,0.966163
8496,0.966266
8961,0.966192
9879,0.966539
11262,0.965888
11715,0.966044
12180,0.965330
13816,0.966025
14281,0.964980
14734,0.964770
15917,0.964820
17088,0.965502
18724,0.964480
19442,0.965267
21796,0.964284
22514,0.964801
23232,0.965259
23685,0.964448
24403,0.964843
25121,0.965184
25839,0.965477
26292,0.964538
27010,0.964806
27728,0.965013
28446,0.965178
29164,0.965307
29617,0.964261
30335,0.964375
31053,0.964437
31771,0.964465

[12][52]:53-cycle
2565,0.972157
2977,0.971197
3177,0.970805
4454,0.969471
7114,0.967877
8697,0.967219
9162,0.967129
9627,0.966884
10545,0.966928
11463,0.966620
13564,0.966714
14017,0.966557
16836,0.966364
19190,0.966223
24151,0.965936
26040,0.965705
26758,0.965954
30083,0.965588
30801,0.965651
31519,0.965684

13-term Groups

[13][0]:41-cycle
14948,1.005478
16584,1.005391
23899,1.005013
27224,1.004860
30549,1.004837
31884,1.047125
31909,0.997819
31922,1.011141
31947,1.044636
31972,1.013506
31985,1.007229
32010,1.038555
32023,1.009528
32060,1.046384
32073,1.010905
32098,1.008773
32123,1.028545
32136,1.014472
32161,1.048114
32174,0.997984
32199,1.013305
32224,1.040743
32249,1.017213
32262,1.008601
32287,1.037863
32300,1.014188
32337,1.046903
32350,1.017924
32363,1.009134
32388,1.041724
32413,1.016959
32426,1.008422
32451,1.037040
32476,1.014651
32501,1.044546
32526,1.010880
32539,1.007207
32564,1.039847
32577,1.005184
32602,1.047250
32627,0.997865
32640,1.011178
32665,1.044666
32690,1.013518
32703,1.007236
32728,1.038564
32741,1.009530
32778,1.046390
32791,1.010903
32804,1.007224
32841,1.028545
32854,1.014468
32879,1.008242
32892,1.034307
32917,1.014011
32942,1.040985
32967,1.017308
32980,1.008662
33005,1.037917
33018,1.014217
33055,1.046937
33068,1.017937
33081,1.009141
33106,1.041746
33131,1.016964
33144,1.008422
33169,1.037055
33194,1.009500
33219,1.045596
33232,1.017294
33257,1.007353
33282,1.039955
33295,1.005232
33320,1.047318
33345,0.997874
33358,1.011196
33383,1.044708
33408,1.013529
33421,1.007240
33446,1.038594
33459,1.009533
33496,1.046425
33509,1.010906
33522,1.007224
33547,1.027352
33572,1.016009
33597,1.008559
33610,1.034539
33635,1.014106
33660,1.041078
33673,1.015846
33698,1.008686
33723,1.037970
33736,1.014238
33773,1.046993
33786,1.017957
33799,1.009148
33824,1.041792
33849,1.016979
33862,1.004495
33887,1.037916
33912,1.009721
33937,1.045765
33950,1.017380
33975,1.007395
34000,1.040034
34013,1.005251
34038,1.047395
34063,0.997872
34076,1.011212
34101,1.044773
34126,1.013545
34139,1.007246
34164,1.038647
34177,1.009541
34214,1.038567
34227,1.016297
34240,1.008350
34265,1.027679
34290,1.016145
34315,1.008626
34328,1.034642
34353,1.014152
34378,1.041164
34391,1.015881
34416,1.008704
34441,1.038039
34454,1.014261
34479,1.037872
34504,1.017984
34517,0.992794
34542,1.043721
34567,1.017341
34580,1.004683
34605,1.038087
34618,1.014212
34655,1.045887
34668,1.017433
34681,1.002518
34718,1.040122
34731,1.005263
34756,1.047494
34781,0.997864
34794,1.011232
34819,1.044863
34844,1.013568
34857,1.007255
34882,1.033187
34895,1.012905
34932,1.038932
34945,1.016485
34958,1.008463
34983,1.027797
35008,1.016210
35033,1.008660
35046,1.034737
35059,1.012937
35096,1.041265
35109,1.015919
35134,1.008722
35159,1.038127
35172,1.014291
35197,1.045572
35222,1.018575
35235,0.993031
35260,1.043965
35285,1.017443
35298,1.004733
35323,1.038213
35336,1.014265
35373,1.046018
35386,1.017483
35399,1.002525
35436,1.040229
35449,1.005274
35474,1.047619
35499,0.997852
35512,1.011256
35537,1.044980
35550,1.012918
35575,1.008059
35600,1.033522
35613,1.013077
35650,1.039101
35663,1.016568
35676,1.008512
35701,1.027894
35726,1.016265
35751,1.008688
35764,1.034842
35777,1.012975
35814,1.041386
35827,1.015963
35852,1.002280
35877,1.039428
35890,1.014794
35915,1.045897
35940,1.018709
35953,0.993054
35978,1.044141
35991,1.016568
36016,1.004758
36041,1.038345
36054,1.014315
36091,1.046168
36104,1.017538
36117,1.002531
36142,1.038533
36167,1.005287
36192,1.047771
36205,0.997510
36218,1.010697
36255,1.045522
36268,1.013153
36281,1.006998
36318,1.033690
36331,1.013154
36356,1.045517
36381,1.016636
36394,1.008548
36419,1.027996
36432,1.014159
36469,1.008717
36482,1.034964
36495,1.013018
36532,1.044812
36545,1.016868
36558,1.008394
36583,1.037201
36608,1.014917
36633,1.046113
36658,1.018800
36671,0.993040
36696,1.044319
36709,1.016636
36734,1.004778
36759,1.038491
36772,1.014368
36797,1.043834
36822,1.017601
36835,1.002535
36860,1.038677
36873,1.004794
36910,1.048614
36923,0.997771
36936,1.010911
36973,1.045774
36986,1.013247
36999,1.007055
37036,1.033842
37049,1.013217
37074,1.045709
37099,1.016706
37112,1.008583
37137,1.028110
37150,1.014214
37175,1.008067
37200,1.037375
37213,1.013770
37238,1.040418
37263,1.017031
37276,1.008490
37301,1.037400
37326,1.015001
37351,1.046326
37364,1.017664
37389,0.993012
37414,1.044513
37427,1.016708
37440,1.008262
37477,1.038656
37490,1.014427
37515,1.044021
37540,1.010696
37553,1.007060
37578,1.039383
37591,1.005059
37628,1.048925
37641,0.997808
37654,1.010998
37679,1.044182
37704,1.013320
37717,1.007095
37742,1.038150
37767,1.013279
37792,1.045920
37817,1.016780
37830,1.008619
37855,1.042252
37868,1.015798
37893,1.008415
37906,1.034171
37931,1.013918
37956,1.040663
37981,1.017138
37994,1.008548
38019,1.037594
38044,1.015079
38069,1.046555
38082,1.017751
38107,0.992976
38120,1.041407
38145,1.016786
38158,1.008299
38183,1.036758
38208,1.009371
38233,1.045257
38258,1.010984
38271,1.007238
38296,1.039663
38309,1.005131
38346,1.049201
38359,0.997811
38372,1.011066
38397,1.044416
38422,1.013391
38435,1.007133
38460,1.038346
38485,1.013345
38510,1.038277
38523,1.016139
38548,1.009172
38561,1.027462
38586,1.015993
38611,1.008514
38624,1.034398
38649,1.014015
38674,1.040896
38699,1.017237
38712,1.008599
38737,1.037798
38750,1.014134
38787,1.046804
38800,1.017844
38813,1.009059
38838,1.041627
38863,1.016872
38876,1.004416
38901,1.037772
38926,1.009631
38951,1.045617
38964,1.017282
38989,1.007312
39014,1.039908
39027,1.005174
39052,1.047271
39077,0.997802
39090,1.011130
39115,1.044667
39140,1.013464
39153,1.007170
39178,1.033037
39191,1.012810
39228,1.038777
39241,1.016385
39254,1.008383
39279,1.027677
39304,1.016116
39329,1.008581
39342,1.034613
39367,1.014104
39392,1.041139
39405,1.015835
39430,1.008649
39455,1.038018
39468,1.014214
39493,1.037859
39518,1.017945
39531,0.992715
39556,1.043728
39581,1.017304
39594,1.004624
39619,1.038096
39632,1.014174
39669,1.045924
39682,1.017406
39695,1.002456
39732,1.040158
39745,1.005209
39770,1.047561
39795,0.997787
39808,1.011197
39833,1.044937
39846,1.012864
39871,1.008003
39896,1.033486
39909,1.013027
39946,1.039078
39959,1.016525
39972,1.008462
39997,1.027869
40022,1.016227
40047,1.008640
40060,1.034836
40073,1.012937
40110,1.041399
40123,1.015933
40136,1.007943
40173,1.038256
40186,1.014300
40211,1.045747
40236,1.018610
40249,0.992927
40274,1.044145
40287,1.016522
40312,1.004694
40337,1.038373
40350,1.014285
40375,1.043726
40400,1.017526
40413,1.002476
40438,1.038592
40463,1.005242
40488,1.047872
40501,0.997442
40514,1.010676
40551,1.045629
40564,1.013144
40577,1.006967
40614,1.033764
40627,1.013149
40652,1.045647
40677,1.016649
40690,1.008527
40715,1.028062
40728,1.014166
40765,1.008698
40778,1.035071
40791,1.013023
40828,1.041677
40841,1.016038
40854,1.007994
40879,1.037169
40904,1.014862
40929,1.046247
40942,1.017584
40967,0.992925
40992,1.044488
41005,1.016660
41018,1.008209
41043,1.036572
41068,1.014390
41093,1.044035
41118,1.017649
41131,1.002492
41156,1.038861
41169,1.004767
41206,1.048871
41219,0.997699
41232,1.010926
41257,1.044193
41282,1.013282
41295,1.007048
41320,1.038180
41345,1.013255
41370,1.045983
41383,1.010712
41408,1.008591
41433,1.028265
41446,1.014267
41483,1.008758
41496,1.035321
41509,1.013114
41534,1.040447
41559,1.017014
41572,1.008436
41597,1.037602
41610,1.014011
41647,1.046635
41660,1.017743
41685,0.992887
41698,1.041495
41723,1.016791
41736,1.008274
41761,1.036846
41786,1.014497
41811,1.044361
41836,1.010736
41849,1.007069
41874,1.039694
41887,1.005052
41912,1.047114
41937,0.997732
41950,1.011050
41975,1.044558
42000,1.013397
42013,1.007112
42038,1.038478
42051,1.009414
42088,1.046335
42101,1.010794
42114,1.007111
42151,1.028478
42164,1.014373
42189,1.008131
42202,1.034274
42227,1.013924
42252,1.040991
42265,1.015727
42290,1.008565
42315,1.037937
42328,1.014147
42353,1.037797
42378,1.017892
42391,1.009057
42416,1.041825
42441,1.016924
42454,1.008339
42479,1.037135
42492,1.013712
42529,1.045744
42542,1.017276
42555,1.002350
42592,1.040094
42605,1.005142
42630,1.047527
42655,0.997730
42668,1.011152
42693,1.044925
42706,1.016928
42731,1.007172
42756,1.038789
42769,1.009490
42806,1.046706
42819,1.010878
42832,1.007165
42857,1.027482
42870,1.013817
42907,1.008514
42920,1.034757
42933,1.012857
42970,1.041380
42983,1.015890
42996,1.007894
43021,1.032702
43046,1.014273
43071,1.038114
43096,1.018041
43109,1.009133
43134,1.042170
43147,1.015809
43172,1.004427
43197,1.038271
43210,1.014184
43235,1.043715
43260,1.017488
43273,1.002415
43298,1.038619
43323,1.005201
43348,1.047939
43411,1.045306
43424,1.017072
43437,1.004586
43474,1.039115
43487,1.009567
43512,1.045124
43537,1.016435
43550,1.008363
43575,1.028008
43588,1.014099
43625,1.008645
43638,1.035104
43651,1.012999
43676,1.044645
43701,1.016038
43714,1.007971
43739,1.032990
43764,1.014398
43789,1.038444
43802,1.016252
43827,0.992539
43840,1.041035
43865,1.016568
43878,1.008119
43903,1.036612
43928,1.014371
43953,1.044141
43978,1.017663
43991,1.002451
44016,1.038971
44029,1.014616
44066,1.048365
44079,1.018419
44092,0.993090
44117,1.043509
44142,1.017221
44155,1.004624
44180,1.037786
44205,1.013073
44230,1.046021
44243,1.010642
44268,1.008538
44293,1.028317
44306,1.014265
44331,1.047922
44344,0.997798
44369,1.013127
44394,1.045055
44419,1.016186
44432,1.008045
44457,1.033288
44470,1.012959
44507,1.046591
44520,1.017651
44533,1.008889
44558,1.041604
44583,1.016801
44596,1.008249
44621,1.036985
44646,1.014523
44671,1.044560
44684,1.016778
44709,1.002479
44734,1.039332
44747,1.014753
44772,1.045690
44797,1.018587
44810,0.993024
44835,1.043907
44860,1.013168
44873,1.006938
44898,1.038555
44911,1.009357
44948,1.046532
44961,1.010789
44974,1.007091
44999,1.038996
45024,1.014413
45049,1.048381
45062,0.997783
45075,1.010834
45112,1.045480
45125,1.013122
45150,1.008119
45175,1.037936
45188,1.014072
45213,1.037930
45238,1.017928
45251,1.009046
45276,1.042048
45289,1.015733
45314,1.008347
45339,1.037351
45352,1.013765
45389,1.044991
45402,1.016941
45415,1.008419
45440,1.037230
45465,1.014893
45490,1.046125
45553,1.045074
45566,1.016922
45579,1.004476
45616,1.039002
45629,1.009494
45654,1.045034
45679,1.010911
45692,1.007172
45717,1.039384
45730,1.005055
45767,1.048855
45780,0.997762
45793,1.010940
45818,1.044101
45843,1.015808
45856,1.007804
45881,1.032857
45906,1.014309
45931,1.038364
45944,1.016189
45969,1.009158
45994,1.042481
46007,1.015900
46032,1.008436
46045,1.034212
46070,1.013904
46095,1.040679
46120,1.017108
46133,1.008502
46158,1.037597
46171,1.014017
46208,1.048137
46221,1.018264
46234,0.992973
46259,1.043417
46284,1.017152
46297,1.004562
46322,1.037743
46347,1.009605
46372,1.045499
46397,1.011027
46410,1.007249
46435,1.039784
46448,1.005107
46473,1.047136
46486,0.997417
46511,1.012928
46536,1.044938
46561,1.016104
46574,1.007971
46599,1.033247
46612,1.012912
46649,1.038777
46662,1.016369
46675,1.008355
46700,1.027637
46725,1.016067
46750,1.008524
46763,1.034564
46788,1.014047
46813,1.041095
46826,1.015779
46851,1.002148
46876,1.039166
46889,1.014622
46914,1.045631
46939,1.018531
46952,0.992949
46977,1.043906
47002,1.017351
47015,1.004624
47040,1.038147
47053,1.014167
47090,1.045977
47103,1.017393
47116,1.002406
47141,1.038375
47166,1.014170
47191,1.048286
47204,0.997665
47217,1.010752
47254,1.045485
47267,1.013085
47280,1.006917
47317,1.033617
47330,1.013062
47355,1.045464
47380,1.016547
47393,1.008447
47418,1.027931
47431,1.014071
47468,1.008614
47481,1.034929
47494,1.012933
47519,1.040014
47544,1.016800
47557,1.008302
47582,1.037206
47607,1.014850
47632,1.046167
47657,1.018755
47670,0.992890
47695,1.044391
47708,1.016592
47721,1.008148
47758,1.038560
47771,1.014321
47796,1.043948
47821,1.010593
47834,1.006956
47859,1.039329
47872,1.004956
47909,1.048905
47922,0.997692
47935,1.010911
47960,1.044176
47985,1.013243
47998,1.007004
48023,1.038151
48048,1.013209
48073,1.045963
48086,1.010665
48111,1.008540
48136,1.042304
48149,1.015752
48174,1.008338
48187,1.034210
48212,1.013871
48237,1.040747
48262,1.017113
48275,1.008483
48300,1.037683
48313,1.014026
48350,1.046710
48363,1.017747
48376,1.008960
48401,1.041554
48426,1.016784
48439,1.008245
48464,1.036895
48489,1.009326
48514,1.045469
48527,1.017140
48540,1.002286
48577,1.039856
48590,1.005064
48615,1.047263
48640,0.997685
48653,1.011050
48678,1.044685
48703,1.013399
48716,1.007089
48741,1.038584
48754,1.009399
48791,1.038529
48804,1.016187
48817,1.008213
48842,1.027627
48867,1.016047
48892,1.008493
48905,1.034648
48918,1.012801
48955,1.041230
48968,1.015808
48981,1.007833
49018,1.038118
49031,1.014190
49056,1.037973
49081,1.017949
49094,1.009063
49119,1.042026
49132,1.015725
49157,1.004366
49182,1.038143
49195,1.014106
49220,1.043585
49245,1.017406
49258,1.002359
49283,1.038507
49308,1.005140
49333,1.047822
49396,1.045204
49409,1.017002
49422,1.004529
49459,1.033424
49472,1.012899
49497,1.045538
49522,1.016534
49535,1.008410
49560,1.028008
49573,1.014087
49610,1.008612
49623,1.035071
49636,1.012963
49661,1.044611
49686,1.015998
49699,1.007928
49724,1.032955
49749,1.014357
49774,1.038416
49787,1.016213
49812,0.992483
49825,1.041015
49850,1.016531
49863,1.008076
49888,1.036597
49913,1.014336
49938,1.044141
49963,1.017634
49976,1.002403
50001,1.038975
50014,1.014587
50051,1.048392
50064,1.018399
50077,0.993027
50102,1.043537
50127,1.013024
50140,1.006840
50165,1.038234
50178,1.009245
50215,1.046164
50228,1.010669
50241,1.006997
50278,1.028364
50291,1.014271
50316,1.048020
50329,0.997752
50354,1.013123
50379,1.045147
50392,1.012995
50417,1.008023
50442,1.033349
50455,1.012955
50480,1.037380
50505,1.017665
50518,1.008872
50543,1.041706
50568,1.016814
50581,1.008231
50606,1.037078
50619,1.013631
50656,1.044691
50669,1.016798
50682,1.008324
50719,1.039451
50732,1.014767
50757,1.045844
50782,0.997278
50795,1.010850
50820,1.044809
50833,1.016795
50858,1.007050
50883,1.038777
50896,1.009405
50921,1.044788
50946,1.010818
50959,1.007096
50984,1.039173
50997,1.004989
51034,1.048612
51047,0.997727
51060,1.010852
51097,1.045700
51110,1.013154
51123,1.006955
51148,1.032447
51173,1.014111
51198,1.038119
51223,1.017993
51236,1.009055
51261,1.042271
51274,1.015788
51299,1.008353
51324,1.037552
51337,1.013810
51362,1.040507
51387,1.017010
51400,1.008430
51425,1.037445
51450,1.004817
51475,1.047965
51488,1.018172
51501,0.992946
51526,1.043266
51551,1.017067
51564,1.004508
51589,1.037615
51614,1.009540
51639,1.045362
51664,1.010961
51677,1.007191
51702,1.039667
51715,1.005055
51752,1.049221
51765,0.997699
51778,1.010988
51803,1.044434
51828,1.015899
51841,1.007826
51866,1.033100
51879,1.012813
51916,1.038661
51929,1.016289
51942,1.008290
51967,1.027554
51992,1.016000
52017,1.008467
52030,1.034487
52055,1.013989
52080,1.041022
52093,1.015725
52118,1.002101
52143,1.039104
52156,1.014572
52181,1.045574
52206,1.018483
52219,0.992907
52244,1.043859
52269,1.017307
52282,1.004581
52307,1.038109
52320,1.014127
52357,1.045947
52370,1.017356
52383,1.002365
52408,1.038351
52433,1.005120
52458,1.047614
52471,0.997345
52484,1.010540
52521,1.045399
52534,1.013005
52547,1.006846
52584,1.033583
52597,1.013016
52622,1.045457
52647,1.016514
52660,1.008408
52685,1.027918
52698,1.014043
52735,1.008579
52748,1.034935
52761,1.012909
52786,1.040035
52811,1.016785
52824,1.008274
52849,1.037232
52874,1.014836
52899,1.046217
52912,1.017526
52937,0.992832
52962,1.044446
52975,1.016588
52988,1.008126
53013,1.036531
53038,1.014315
53063,1.044018
53088,1.017584
53101,1.002397
53126,1.038851
53139,1.004678
53176,1.048902
53189,0.997589
53202,1.010856
53227,1.044231
53252,1.013223
53265,1.006970
53290,1.038218
53315,1.013202
53340,1.046067
53353,1.010655
53378,1.008524
53403,1.028290
53416,1.014231
53441,1.008007
53454,1.034086
53479,1.013791
53504,1.040801
53517,1.015597
53542,1.008450
53567,1.037772
53580,1.014027
53605,1.037646
53630,1.017772
53643,1.008951
53668,1.041687
53693,1.016813
53706,1.008237
53731,1.037019
53744,1.013612
53781,1.044603
53794,1.016762
53807,1.002037
53844,1.039918
53857,1.004994
53882,1.047414
53907,0.997610
53920,1.011046
53945,1.044857
53958,1.016841
53983,1.007077
54008,1.038742
54021,1.009404
54046,1.044728
54071,1.010801
54084,1.007083
54109,1.027445
54122,1.013754
54159,1.008436
54172,1.034754
54185,1.012798
54222,1.041410
54235,1.015846
54248,1.007826
54273,1.032721
54298,1.014230
54323,1.038165
54348,1.018018
54361,1.009077
54386,1.042255
54399,1.015786
54424,1.008350
54449,1.037520
54462,1.013796
54487,1.043678
54512,1.017411
54525,1.002285
54550,1.038696
54575,1.005115
54600,1.048101
54613,1.018257
54626,0.993007
54651,1.043291
54676,1.017080
54689,1.004518
54714,1.037607
54739,1.009536
54764,1.045341
54777,1.010298
54802,1.008329
54827,1.028120
54840,1.014112
54865,1.047739
54878,0.997694
54903,1.013010
54928,1.044916
54953,1.016079
54966,1.007946
54991,1.033181
55004,1.012865
55041,1.038695
55054,1.016309
55067,1.008302
55092,1.027565
55117,1.016004
55130,1.007796
55155,1.036733
55168,1.013433
55205,1.044444
55218,1.016663
55243,1.002365
55268,1.039270
55281,1.014668
55306,1.045659
55331,1.018522
55344,0.992918
55369,1.043900
55382,1.016380
55407,1.004584
55432,1.038133
55445,1.009082
55482,1.046480
55495,1.010680
55508,1.006985
55533,1.038997
55558,1.014353
55583,1.048441
55596,0.997681
55609,1.010779
55646,1.045558
55659,1.013084
55672,1.006899
55709,1.033650
55722,1.013048
55747,1.045526
55772,1.016538
55785,1.008419
55810,1.041905
55823,1.015572
55848,1.008219
55873,1.037394
55886,1.013710
55911,1.040377
55936,1.016929
55949,1.008366
55974,1.037346
55999,1.014886
56024,1.046314
56037,1.017565
56062,0.992821
56075,1.041205
56100,1.016613
56113,1.004236
56138,1.037404
56163,1.009425
56188,1.045232
56213,1.010884
56226,1.007124
56251,1.039582
56264,1.005001
56301,1.049146
56314,0.997656
56327,1.010940
56352,1.044376
56377,1.013274
56390,1.007000
56415,1.038317
56428,1.009298
56465,1.038268
56478,1.016049
56491,1.008119
56516,1.027431
56541,1.015913
56566,1.008397
56579,1.034423
56604,1.013935
56629,1.040979
56642,1.015682
56667,1.008496
56692,1.037891
56705,1.014075
56730,1.037754
56755,1.017820
56768,0.992551
56793,1.043663
56806,1.016224
56831,1.004484
56856,1.038049
56869,1.014067
56906,1.045924
56919,1.017318
56932,1.002319
56957,1.038341
56982,1.005082
57007,1.047625
57070,1.045022
57083,1.016905
57096,1.004469
57133,1.033283
57146,1.012815
57171,1.045371
57196,1.016443
57209,1.008340
57234,1.027892
57247,1.014005
57284,1.008541
57297,1.034946
57310,1.012886
57347,1.041587
57360,1.015917
57373,1.007863
57398,1.032848
57423,1.014282
57448,1.046031
57461,1.017382
57486,0.992708
57499,1.041112
57524,1.016547
57537,1.008077
57562,1.036554
57587,1.014297
57612,1.044077
57637,1.017584
57650,1.002361
57675,1.038913
57688,1.014538
57725,1.048329
57738,1.018348
57751,0.992982
57776,1.043484
57801,1.012975
57814,1.006792
57839,1.038189
57852,1.009199
57889,1.046127
57902,1.010624
57915,1.006951
57952,1.028329
57965,1.014229
57990,1.048002
58003,0.997701
58028,1.013083
58053,1.045138
58066,1.012959
58091,1.007982
58116,1.037653
58129,1.013909
58154,1.037660
58179,1.017752
58192,1.008912
58217,1.041777
58242,1.016823
58255,1.008219
58280,1.037117
58293,1.013622
58330,1.044743
58343,1.016792
58356,1.008300
58381,1.037026
58406,1.014757
58431,1.045910
58494,1.044881
58507,1.016794
58520,1.004375
58557,1.038840
58570,1.009385
58595,1.044876
58620,1.010803
58633,1.007071
58658,1.039253
58671,1.004959
58708,1.048731
58721,0.997671
58734,1.010843
58771,1.041279
58784,1.015714
58797,1.007712
58822,1.032772
58847,1.014222
58872,1.038292
58885,1.016109
58910,1.009073
58935,1.042431
58948,1.015826
58973,1.008353
58986,1.034169
59011,1.013834
59036,1.040658
59061,1.017049
59074,1.008427
59099,1.037588
59112,1.013959
59149,1.048167
59162,1.018221
59175,0.992863
59200,1.043452
59225,1.017113
59238,1.004486
59263,1.037779
59288,1.009547
59313,1.045576
59326,1.017187
59339,1.002301
59376,1.039857
59389,1.005038
59414,1.047255
59427,0.997317
59452,1.012897
59477,1.045066
59490,1.012879
59515,1.007921
59540,1.033333
59553,1.012893
59590,1.038904
59603,1.016373
59616,1.008315
59641,1.027714
59666,1.016076
59691,1.008486
59704,1.034697
59717,1.012795
59754,1.041284
59767,1.015799
59780,1.007803
59805,1.036828
59830,1.014640
59855,1.045885
59880,1.018584
59893,0.992804
59918,1.044165
59931,1.016451
59944,1.008033
59981,1.038377
59994,1.014199
60019,1.043768
60044,1.017458
60057,1.002340
60082,1.038636
60095,1.004613
60132,1.048652
60145,0.997554
60158,1.010768
60183,1.044010
60208,1.013127
60221,1.006899
60246,1.038030
60271,1.013110
60296,1.045857
60309,1.010575
60334,1.008451
60359,1.028150
60372,1.014140
60435,1.012995
60460,1.040395
60485,1.016911
60498,1.008314
60523,1.037570
60536,1.013913
60573,1.046654
60586,1.017665
60599,1.008873
60624,1.041524
60649,1.016720
60662,1.008169
60687,1.036882
60712,1.014426
60737,1.044457
60750,1.016681
60763,1.001989
60800,1.039792
60813,1.004940
60838,1.047280
60863,0.997571
60876,1.010983
60901,1.044738
60914,1.016771
60939,1.007023
60964,1.038641
60977,1.009349
61014,1.046586
61027,1.010746
61040,1.007033
61065,1.039023
61090,1.014364
61115,1.008063
61128,1.034468
61141,1.012623
61178,1.041272
61191,1.015752
61204,1.007750
61229,1.032633
61254,1.014165
61279,1.038090
61304,1.017960
61317,1.009025
61342,1.042192
61355,1.015735
61380,1.008303
61405,1.037470
61418,1.013751
61443,1.043634
61468,1.017370
61481,1.002243
61506,1.038661
61531,1.005073
61556,1.048076
61569,1.018224
61582,0.992963
61607,1.043272
61632,1.017049
61645,1.004481
61670,1.037594
61695,1.009503
61720,1.045340
61745,1.010919
61758,1.007146
61783,1.027809
61796,1.013917
61821,1.047656
61834,0.997598
61859,1.012948
61884,1.044906
61909,1.016043
61922,1.007903
61947,1.033179
61960,1.012836
61997,1.038712
62010,1.016291
62023,1.008272
62048,1.027572
62073,1.015991
62086,1.007769
62111,1.036765
62124,1.013420
62161,1.044500
62174,1.016660
62199,1.002329
62224,1.039323
62237,1.014664
62262,1.045734
62287,1.018530
62300,0.992859
62325,1.043979
62338,1.016386
62363,1.004557
62388,1.038204
62401,1.014135
62426,1.043566
62451,1.010434
62464,1.006821
62489,1.038994
62502,1.004836
62539,1.048527
62552,0.997613
62565,1.010758
62602,1.045663
62615,1.013081
62628,1.006877
62653,1.037868
62678,1.013052
62703,1.045656
62728,1.016559
62741,1.008410
62766,1.042032
62779,1.015595
62804,1.008211
62817,1.033987
62842,1.013728
62867,1.040512
62892,1.016963
62905,1.008364
62930,1.037476
62943,1.013894
62980,1.046491
62993,1.017609
63018,0.992746
63031,1.041366
63056,1.016656
63069,1.008137
63094,1.036735
63119,1.009218
63144,1.045308
63157,1.017026
63182,1.007082
63207,1.039721
63220,1.004968
63245,1.047135
63270,0.997594
63283,1.010952
63308,1.044577
63333,1.013305
63346,1.006997
63371,1.038496
63384,1.009311
63421,1.038454
63434,1.016105
63447,1.008129
63472,1.027559
63497,1.015971
63522,1.008409
63535,1.034601
63548,1.012729
63585,1.041204
63598,1.015745
63611,1.007758
63636,1.032548
63661,1.014130
63686,1.037972
63711,1.017903
63724,0.992461
63749,1.043928
63762,1.016300
63787,1.004478
63812,1.038282
63825,1.014131
63850,1.043697
63875,1.017408
63888,1.002299
63913,1.038589
63938,1.005082
63963,1.047949
63976,1.018180
63989,0.992993
64014,1.043147
64039,1.016999
64052,1.004467
64077,1.037479
64102,1.012881
64127,1.045699
64140,1.010467
64165,1.008371
64190,1.028085
64203,1.014084
64266,1.012958
64291,1.044816
64316,1.016018
64329,1.007895
64354,1.033098
64367,1.012807
64404,1.046401
64417,1.017500
64430,1.008749
64455,1.041445
64480,1.016661
64493,1.008114
64518,1.036853
64531,1.013498
64568,1.044451
64581,1.016658
64606,1.002347
64631,1.039246
64644,1.014640
64669,1.045632
64694,1.018489
64707,0.992877
64732,1.043873
64745,1.016345
64770,1.006823
64795,1.038534
64808,1.009255
64845,1.046557
64858,1.010696
64871,1.006986
64896,1.039019
64921,1.014340
64946,1.048465
64959,0.997642
64972,1.010756
65009,1.045579
65022,1.013061
65035,1.006868
65060,1.032351
65085,1.014024
65110,1.038033
65135,1.017910
65148,1.008974
65173,1.042202
65186,1.015713
65211,1.008275
65236,1.037497
65249,1.013740
65274,1.040465
65299,1.016947
65312,1.008359
65337,1.037416
65362,1.014891
65387,1.046408
65400,1.017577
65413,0.992594
65438,1.043132
65463,1.016957
65476,1.004392
65501,1.037587
65526,1.009463
65551,1.045383
65564,1.017089
65589,1.007122
65614,1.039698
65627,1.004985
65652,1.047082
65677,0.997606
65690,1.010943
65715,1.044515
65740,1.015877
65753,1.007775
65778,1.033153
65791,1.012786
65828,1.038749
65841,1.016281
65854,1.008248
65879,1.027604
65904,1.015997
65929,1.008427
65942,1.034583
65955,1.012730
65992,1.041164
66005,1.015733
66018,1.007753
66055,1.038058
66068,1.014113
66093,1.045577
66118,1.018435
66131,0.992731
66156,1.044014
66169,1.016362
66194,1.004513
66219,1.038269
66232,1.014134
66257,1.043663
66282,1.017395
66295,1.002299
66320,1.038550
66345,1.005075
66370,1.047896
66383,0.997244
66396,1.010543
66421,1.043829
66446,1.013032
66459,1.006823
66484,1.037933
66509,1.013048
66534,1.045773
66547,1.010525
66572,1.008405
66597,1.028093
66610,1.014094
66673,1.012954
66698,1.044788
66723,1.016006
66736,1.007888
66761,1.037360
66774,1.013777
66811,1.046561
66824,1.017596
66837,1.008814
66862,1.041468
66887,1.016675
66900,1.008126
66925,1.036845
66950,1.014390
66975,1.044431
66988,1.016650
67013,1.002344
67038,1.039223
67051,1.004654
67076,1.047135
67101,0.997481
67114,1.010910
67139,1.044696
67152,1.016726
67177,1.006979
67202,1.038624
67215,1.009315
67252,1.046586
67265,1.010718
67278,1.007003
67303,1.039026
67328,1.014345
67353,1.048462
67366,0.997644
67379,1.010755
67416,1.041051
67429,1.015604
67442,1.007639
67467,1.032588
67492,1.014120
67517,1.038089
67542,1.017940
67555,1.008995
67580,1.042217
67593,1.015722
67618,1.008279
67643,1.037500
67656,1.013740
67681,1.040466
67706,1.016945
67719,1.001992
67744,1.038586
67757,1.014329
67794,1.048100
67807,1.018202
67820,0.992897
67845,1.043317
67870,1.017045
67883,1.004451
67908,1.037643
67933,1.009489
67958,1.045417
67971,1.017107
67996,1.007131
68021,1.039717
68034,1.004988
68059,1.047100
68072,0.997286
68097,1.012828
68122,1.044924
68135,1.012812
68160,1.007865
68185,1.033223
68198,1.012827
68235,1.038788
68248,1.016302
68261,1.008261
68286,1.027624
68311,1.016008
68336,1.008431
68349,1.034602
68362,1.012735
68399,1.044457
68412,1.016589
68425,1.008137
68450,1.036908
68475,1.014659
68500,1.045848
68525,1.018554
68538,0.992791
68563,1.044106
68576,1.016411
68601,1.004539
68626,1.038320
68639,1.014157
68664,1.043710
68689,1.017414
68702,1.002303
68727,1.038585
68740,1.004575
68777,1.048603
68790,0.997517
68803,1.010729
68828,1.043969
68853,1.013089
68866,1.006862
68891,1.037996
68916,1.013073
68941,1.045830
68954,1.010540
68979,1.008415
69004,1.028123
69017,1.014108
69042,1.007902
69055,1.033915
69080,1.013674
69105,1.040624
69130,1.016985
69143,1.008351
69168,1.037617
69181,1.013921
69218,1.046692
69231,1.017664
69244,1.008858
69269,1.041552
69294,1.016712
69307,1.008148
69332,1.036905
69345,1.013521
69382,1.044496
69395,1.016674
69408,1.001957
69445,1.039828
69458,1.004913
69483,1.047336
69508,0.997528
69521,1.010968
69546,1.044796
69559,1.016770
69584,1.007001
69609,1.038693
69622,1.009334
69647,1.044696
69672,1.010734
69685,1.007013
69710,1.027406
69723,1.013697
69760,1.008368
69773,1.034738
69786,1.012744
69823,1.041418
69836,1.015802
69849,1.007766
69874,1.032723
69899,1.014188
69924,1.038192
69937,1.016052
69962,1.009024
69987,1.042309
70000,1.015758
70025,1.008298
70038,1.034063
70063,1.013767
70088,1.043765
70113,1.017401
70126,1.002216
70151,1.038779
70164,1.014427
70201,1.048237
70214,1.018263
70227,0.992897
70252,1.043421
70277,1.017086
70290,1.004463
70315,1.037724
70340,1.009508
70365,1.045512
70378,1.010278
70391,1.006707
70428,1.028206
70441,1.014118
70466,1.047954
70479,0.997603
70504,1.013014
70529,1.045130
70542,1.012904
70567,1.007921
70592,1.033331
70605,1.012878
70642,1.038894
70655,1.016349
70668,1.008286
70693,1.027695
70706,1.013892
70731,1.007779
70756,1.036944
70769,1.013464
70806,1.044729
70819,1.016724
70832,1.008220
70857,1.037044
70882,1.014718
70907,1.045983
70932,1.018610
70945,0.992776
70970,1.044224
70983,1.016455
70996,1.008020
71033,1.038419
71046,1.009093
71071,1.044842
71096,1.010709
71109,1.006979
71134,1.039316
71147,1.004887
71184,1.048870
71197,0.997580
71210,1.010818
71235,1.044141
71260,1.013151
71273,1.006899
71298,1.038121
71323,1.013119
71348,1.045969
71361,1.010573
71386,1.008440
71399,1.026997
71424,1.015682
71449,1.008240
71462,1.034221
71487,1.013802
71512,1.040802
71525,1.015564
71550,1.008396
71575,1.037747
71588,1.013973
71613,1.037624
71638,1.017721
71651,1.008886
71676,1.041681
71701,1.016762
71714,1.004219
71739,1.037843
71752,1.013919
71789,1.045790
71802,1.017213
71815,1.002227
71840,1.038247
71865,1.004998
71890,1.047550
71953,1.044966
71966,1.016839
71979,1.004398
72016,1.038830
72029,1.009368
72054,1.044851
72079,1.016227
72092,1.008174
72117,1.027794
72130,1.013910
72167,1.008456
72180,1.034910
72193,1.012821
72218,1.044474
72243,1.015870
72256,1.007802
72281,1.032846
72306,1.014240
72331,1.038330
72344,1.016109
72369,0.992347
72382,1.040956
72407,1.016437
72420,1.007970
72445,1.036553
72470,1.014247
72495,1.044134
72520,1.017561
72533,1.002288
72558,1.038978
72571,1.014516
72596,1.045336
72621,1.018348
72634,0.992879
72659,1.043598
72684,1.017156
72697,1.004483
72722,1.037872
72735,1.008961
72772,1.046193
72785,1.010554
72798,1.006876
72835,1.028379
72848,1.014215
72873,1.048176
72886,0.997609
72899,1.010660
72936,1.045320
72949,1.012960
72962,1.006797
72999,1.033467
73012,1.012929
73037,1.037544
73062,1.017682
73075,1.008823
73100,1.041928
73113,1.015574
73138,1.008181
73163,1.037285
73176,1.013634
73201,1.040253
73226,1.016837
73239,1.008286
73264,1.037229
73289,1.014796
73314,1.046194
73327,1.017475
73352,0.992748
73377,1.044419
73390,1.016528
73403,1.004157
73428,1.037317
73453,1.009345
73478,1.045154
73503,1.010807
73516,1.007047
73541,1.039519
73554,1.004925
73591,1.049101
73604,0.997574
73617,1.010871
73642,1.044343
73667,1.013210
73680,1.006930
73705,1.032775
73718,1.012574
73755,1.038542
73768,1.016159
73781,1.008160
73806,1.027473
73831,1.015906
73856,1.008360
73869,1.034453
73882,1.012658
73919,1.041027
73932,1.015658
73957,1.008449
73982,1.037939
73995,1.014047
74020,1.037810
74045,1.017808
74058,0.992447
74083,1.043752
74096,1.016212
74121,1.004425
74146,1.038130
74159,1.014051
74184,1.043535
74209,1.017320
74222,1.002253
74247,1.038448
74272,1.005029
74297,1.047790
74310,1.018097
74323,0.992970
74360,1.045189
74373,1.012781
74386,1.006655
74411,1.037777
74436,1.012959
74461,1.045659
74474,1.010460
74499,1.008348
74524,1.028022
74537,1.014040
74600,1.012908
74625,1.044723
74650,1.015961
74663,1.007849
74688,1.033023
74701,1.012756
74738,1.046316
74751,1.017445
74764,1.008703
74789,1.041371
74814,1.016608
74827,1.008069
74852,1.036789
74877,1.014344
74902,1.044388
74915,1.016611
74940,1.002305
74965,1.039193
74978,1.014596
75003,1.045583
75028,0.997161
75041,1.010697
75066,1.044577
75079,1.016636
75104,1.006912
75129,1.038582
75142,1.009268
75167,1.044601
75192,1.010682
75205,1.006967
75230,1.039017
75243,1.004866
75280,1.048469
75293,0.997606
75306,1.010730
75343,1.045585
75356,1.013038
75369,1.006838
75394,1.032349
75419,1.014002
75444,1.038041
75457,1.015948
75482,1.008947
75507,1.042222
75520,1.015697
75545,1.008248
75558,1.034006
75583,1.013723
75608,1.040496
75633,1.016938
75646,1.008336
75671,1.037448
75684,1.013862
75721,1.048023
75734,1.018123
75747,0.992799
75772,1.043329
75797,1.017023
75810,1.004409
75835,1.037677
75860,1.009467
75885,1.045481
75898,1.017109
75911,1.002229
75948,1.039779
75961,1.004966
75986,1.047187
76011,0.997563
76024,1.010941
76049,1.044617
76062,1.012617
76087,1.007763
76112,1.033225
76125,1.012792
76162,1.038844
76175,1.016300
76188,1.008239
76213,1.027665
76226,1.013859
76263,1.008419
76276,1.034676
76289,1.012741
76326,1.041287
76339,1.015757
76352,1.007746
76377,1.036836
76402,1.014601
76427,1.045925
76452,1.018559
76465,0.992712
76490,1.044217
76503,1.016427
76516,1.007987
76541,1.036348
76566,1.014174
76591,1.043845
76616,1.017448
76629,1.002278
76654,1.038709
76679,1.005066
76704,1.048107
76717,0.997194
76730,1.010562
76755,1.044025
76780,1.013065
76793,1.006824
76818,1.038104
76831,1.009150
76868,1.045992
76881,1.010547
76894,1.006878
76931,1.028217
76944,1.014139
76969,1.047871
76982,0.997631
77007,1.012994
77032,1.040554
77045,1.015393
77070,1.008292
77095,1.037727
77108,1.013928
77133,1.037638
77158,1.017709
77171,1.008861
77196,1.041729
77209,1.015518
77234,1.008155
77259,1.037069
77272,1.013560
77309,1.044709
77322,1.016734
77335,1.008234
77360,1.036995
77385,1.004652
77410,1.047442
77473,1.044993
77486,1.016815
77499,1.004353
77536,1.038882
77549,1.009350
77574,1.044931
77599,1.010765
77612,1.007021
77637,1.039299
77650,1.004902
77687,1.008063
77700,1.034716
77713,1.012671
77738,1.044472
77763,1.015834
77776,1.007756
77801,1.032885
77814,1.012676
77851,1.038406
77864,1.016121
77877,1.008152
77902,1.027346
77927,1.015832
77952,1.008321
77965,1.034269
77990,1.013832
78015,1.040800
78028,1.015570
78053,1.001976
78078,1.038908
78091,1.014427
78116,1.045383
78141,1.018338
78154,0.992794
78179,1.043695
78204,1.017172
78217,1.004457
78242,1.037972
78255,1.014004
78292,1.045828
78305,1.017240
78318,1.002247
78343,1.038253
78368,1.014025
78393,1.048203
78406,0.997499
78419,1.010613
78456,1.045432
78469,1.012958
78482,1.006776
78519,1.033562
78532,1.012945
78557,1.045473
78582,1.016451
78595,1.008321
78620,1.027895
78633,1.013977
78670,1.008490
78683,1.034951
78696,1.012844
78721,1.040086
78746,1.016741
78759,1.008194
78784,1.037291
78809,1.014790
78834,1.046338
78847,1.017502
78872,0.992671
78885,1.041248
78910,1.016567
78923,1.008057
78948,1.036642
78973,1.014289
78998,1.044195
79011,1.016539
79036,1.006863
79061,1.039564
79074,1.004849
79099,1.047034
79124,0.997505
79137,1.010871
79162,1.044517
79187,1.013237
79200,1.006928
79225,1.038454
79238,1.009250
79275,1.046387
79288,1.010645
79301,1.006943
79326,1.038858
79351,1.014259
79376,1.007971
79389,1.034326
79402,1.012526
79439,1.041127
79452,1.015654
79465,1.007666
79490,1.032514
79515,1.014074
79540,1.037973
79565,1.017868
79578,1.008944
79603,1.042084
79616,1.015652
79641,1.008224
79666,1.037379
79679,1.013673
79704,1.043551
79729,1.017295
79742,1.002171
79767,1.038593
79792,1.005002
79817,1.048021
79830,1.018161
79843,0.992889
79868,1.043229
79893,1.016991
79906,1.004414
79931,1.037560
79956,1.009441
79981,1.045327

[13][0]:53-cycle
3790,1.009209
5532,1.007714
6197,1.007382
7315,1.006479
9363,1.006193
9828,1.006209
10746,1.005993
11664,1.005651
13765,1.005605
15401,1.005425
17037,1.005368
17755,1.005193
20109,1.005119
21280,1.004804
23181,1.005095
25070,1.005011
25788,1.004957
26506,1.004906
27677,1.004928
28395,1.004907
29113,1.004882
29831,1.004859

[13][1]:41-cycle
12595,1.035587
25536,1.035028
28861,1.034956

[13][1]:53-cycle
1743,1.046136
4203,1.039056
5068,1.037849
6398,1.037127
7528,1.037174
10029,1.036603
13048,1.035343
13513,1.036343
13966,1.036016
15149,1.035872
17503,1.035001
17956,1.035093
19857,1.035132
20310,1.035592
21028,1.034958
24818,1.035372
26707,1.035534
27425,1.035313
28143,1.035119

[13][2]:41-cycle
5281,1.014407
5946,1.013967
10960,1.012257
15615,1.011787
17251,1.011832

[13][2]:53-cycle
2515,1.018356
2715,1.017405
2927,1.017217
3127,1.016717
3327,1.016168
8194,1.013068
9577,1.012421
11878,1.012221
12331,1.011828
14432,1.011909
16068,1.011795
18422,1.011565
19593,1.011152
20776,1.011634
21494,1.011412
21947,1.011346
22665,1.011334
23383,1.011205
25272,1.010924
28597,1.010822

[13][3]:41-cycle
7277,1.043709
11626,1.043609
21242,1.041921

[13][3]:53-cycle
1186,1.058677
4817,1.045603
6812,1.044744
8395,1.043764
8860,1.043668
10243,1.043009
11161,1.042875
12079,1.043195
14180,1.043072
14633,1.042866
15816,1.042887
16269,1.042908
18170,1.042249
18623,1.042496
20524,1.042718
21695,1.042645
22413,1.041989
23584,1.041972
24302,1.041668
30234,1.041603
30952,1.041717
31670,1.041719

[13][4]:41-cycle
17918,1.015108
22879,1.014581

[13][4]:53-cycle
575,1.046786
4153,1.018462
7013,1.016564
7478,1.016358
9061,1.016120
9979,1.015508
10444,1.015820
11362,1.015671
13463,1.015288
15099,1.014979
16735,1.014986
19089,1.014851
20260,1.014470
22161,1.014814
23332,1.014786
24050,1.014632
24768,1.014474
25939,1.014408
26657,1.014452
27375,1.014387
28093,1.014312
29264,1.014368
29982,1.014484
30700,1.014486
31418,1.014474

[13][5]:41-cycle
3289,1.051811
21909,1.046370

[13][5]:53-cycle
2265,1.055500
3489,1.051862
4566,1.050250
5431,1.050121
9727,1.048044
10645,1.047405
13211,1.047231
13664,1.046888
14847,1.046506
15300,1.046427
16483,1.046671
16936,1.046806
18119,1.047547
18837,1.046351
19290,1.046728
21191,1.047172
22362,1.047225
23080,1.046567
23798,1.045975
24251,1.046695
24969,1.046386
25687,1.045999
27576,1.046195
28294,1.046134
29012,1.045980
29730,1.045839
30448,1.045728
30901,1.046735
31166,1.045650
31619,1.046869

[13][6]:41-cycle
989,1.035609
14595,1.017558
16231,1.017488
18585,1.017227
23546,1.016870
26871,1.016535
30196,1.016606

[13][6]:53-cycle
1495,1.028878
3902,1.021285
6762,1.018670
7892,1.018729
11576,1.017474
12494,1.017601
15048,1.017512
17402,1.017014
19756,1.017008
20927,1.016679
22828,1.017111
24717,1.016979
25435,1.016816
26153,1.016667
27324,1.016861
28042,1.016797
28760,1.016724
29478,1.016660

[13][7]:41-cycle
4980,1.010697
5645,1.010119
6310,1.009850
9941,1.008808
12960,1.008145
20222,1.007758

[13][7]:53-cycle
1137,1.023381
1855,1.017092
4103,1.011352
9011,1.008675
9476,1.008818
10394,1.008500
10859,1.008611
11312,1.008220
13413,1.008045
13878,1.008258
15514,1.008076
16685,1.007718
17868,1.007798
18321,1.007790
21393,1.007664
22111,1.007532
23282,1.007325
29932,1.007080
30650,1.007199
31368,1.007217

[13][8]:41-cycle
1297,1.052888
1656,1.049683
2627,1.045010
7641,1.039880
15262,1.039056

[13][8]:53-cycle
2415,1.045590
2827,1.043877
3239,1.043803
4516,1.041899
7176,1.040622
9677,1.039131
10142,1.039634
11060,1.039388
13161,1.038460
16433,1.037908
18069,1.038572
21141,1.038234
21859,1.037579
22312,1.038212
23030,1.037701
24919,1.037379
28244,1.037146
31569,1.037714

[13][9]:41-cycle
3652,1.018108
8307,1.015114
30864,1.013141

[13][9]:53-cycle
2216,1.021184
4717,1.016580
6712,1.015354
7842,1.015338
12444,1.014183
14545,1.014108
14998,1.013906
16181,1.014017
17352,1.013575
18535,1.013772
19706,1.013562
22778,1.013623
23496,1.013430
24667,1.013464
25385,1.013355
26103,1.013242
27274,1.013240
27992,1.013295
28710,1.013260
29428,1.013215
30146,1.013174

[13][10]:41-cycle
8973,1.045860
11274,1.045245
14293,1.045617
15929,1.045496

[13][10]:53-cycle
781,1.069543
1805,1.055096
5130,1.048551
5795,1.047767
6925,1.046681
8043,1.046269
8508,1.045980
12192,1.045667
12645,1.045160
14746,1.045694
18736,1.045430
19454,1.044382
21808,1.045414
22526,1.044709
23697,1.044973
24415,1.044465
25586,1.044792
26304,1.044576
27022,1.044297
27740,1.044039
28911,1.044738
29629,1.044738
30347,1.044661
31065,1.044595
31783,1.044555

[13][11]:41-cycle
2989,1.022287
9639,1.017845
19920,1.016287
24881,1.016313
28206,1.016155
31531,1.016358

[13][11]:53-cycle
2365,1.023823
2577,1.023308
2777,1.022391
3189,1.021848
4466,1.019883
5331,1.019125
5996,1.018713
7126,1.018317
7591,1.017909
8709,1.017860
9174,1.017834
10092,1.017387
10557,1.017539
11010,1.017034
11475,1.017461
13576,1.017048
14029,1.016941
15212,1.016761
15665,1.016620
16848,1.016804
18019,1.016377
19202,1.016676
20373,1.016497
22262,1.015980
24163,1.016502
26052,1.016484
26770,1.016363
27488,1.016252
30095,1.016420
30813,1.016384

[13][12]:41-cycle
11941,1.008217
21557,1.007477

[13][12]:53-cycle
1248,1.021895
2166,1.015597
3602,1.012119
4667,1.010481
7792,1.009151
8257,1.008978
12394,1.008041
12859,1.008248
13312,1.007981
14495,1.007935
16131,1.007821
18485,1.007621
18938,1.007503
20839,1.007632
22010,1.007528
22728,1.007429
24617,1.007179
27942,1.007044
31267,1.007080

[13][13]:41-cycle
18233,1.037466
20587,1.037889

[13][13]:53-cycle
1396,1.051294
5745,1.040574
6875,1.039521
7993,1.038898
8458,1.038747
8923,1.038628
11224,1.037971
12142,1.038277
14243,1.038172
14696,1.038174
15879,1.038024
16332,1.038224
18686,1.037868
21758,1.037847
22476,1.037256
22929,1.037779
23647,1.037419
24365,1.037015
26254,1.036959
26972,1.036825
29579,1.037068
30297,1.037104
31015,1.037072
31733,1.037045

[13][14]:41-cycle
22224,1.013625
25549,1.013177
28874,1.013098

[13][14]:53-cycle
4416,1.017105
7076,1.015393
7541,1.015049
8659,1.014799
9124,1.014870
10042,1.014428
10507,1.014569
11425,1.014459
13526,1.014071
13979,1.013840
15162,1.013794
16798,1.013800
17969,1.013309
19152,1.013666
20323,1.013468
24113,1.013471
24831,1.013316
26002,1.013409
26720,1.013329
27438,1.013244
28156,1.013166
29327,1.013371
30045,1.013357
30763,1.013334
31481,1.013314

[13][15]:41-cycle
4629,1.047535
13274,1.045206
18900,1.044442
31229,1.043836

[13][15]:53-cycle
1557,1.056330
2116,1.053153
3552,1.048780
3752,1.049104
5494,1.047573
6159,1.047389
9325,1.045556
9790,1.045937
10708,1.045500
13727,1.045076
14910,1.044542
15363,1.044663
16546,1.044723
16999,1.045049
19353,1.044998
20071,1.044063
23143,1.044689
23861,1.044119
25032,1.044570
25750,1.044171
26468,1.043817
26921,1.044683
27639,1.044540
28357,1.044344
29075,1.044168
29793,1.044023
30511,1.043912

[13][16]:41-cycle
3965,1.020491
7955,1.018240
11639,1.017068
26216,1.016337
29541,1.016334

[13][16]:53-cycle
1917,1.025803
5030,1.019496
5695,1.018846
6360,1.018679
6825,1.018166
12557,1.017208
13010,1.016917
14193,1.016682
14646,1.016506
15829,1.016525
16282,1.016445
17465,1.016671
18636,1.016202
19819,1.016662
20537,1.016306
20990,1.016501
21708,1.016231
25498,1.016487
28823,1.016402

[13][17]:41-cycle
8621,1.049395
12305,1.049408
19567,1.048328
25246,1.048026
28571,1.047863

[13][17]:53-cycle
2477,1.056073
2889,1.054504
3089,1.053778
5243,1.051348
5908,1.050754
6573,1.051214
7691,1.050075
8156,1.049699
11840,1.048399
12758,1.049121
14394,1.048034
16030,1.047973
17213,1.048260
17666,1.048701
20020,1.049004
20738,1.048072
24528,1.048522
26417,1.048735
27135,1.048396
27853,1.048106

[13][18]:41-cycle
9287,1.019722

[13][18]:53-cycle
842,1.040373
2066,1.027030
3702,1.022464
4779,1.021772
5444,1.020862
6109,1.020538
7239,1.020087
8357,1.019759
8822,1.019771
9740,1.019146
10205,1.019301
11123,1.019127
12041,1.019160
14142,1.018999
15778,1.018818
16949,1.018144
18132,1.018452
19303,1.018036
20486,1.018587
21204,1.018226
21657,1.018476
22375,1.018202
24264,1.017903
30914,1.017819
31632,1.017901

[13][19]:41-cycle
14608,1.009400
16244,1.009302
18598,1.009097
23559,1.008809
30209,1.008589

[13][19]:53-cycle
3915,1.012977
7440,1.010769
7905,1.010522
12507,1.009515
15061,1.009335
17415,1.009003
19051,1.009165
19769,1.008946
20940,1.008711
22841,1.008944
24012,1.008919
24730,1.008836
25448,1.008747
26166,1.008664
26619,1.008697
27337,1.008729
28055,1.008698
28773,1.008659
29491,1.008622

[13][20]:41-cycle
4328,1.043355
6988,1.040984
22589,1.039424
31846,1.039310

[13][20]:53-cycle
3039,1.045378
5193,1.042534
5858,1.041896
6523,1.042158
8106,1.040703
8571,1.040427
12255,1.040210
12708,1.039913
14809,1.040272
17163,1.039122
17616,1.039344
18799,1.040062
19517,1.039132
19970,1.039546
20688,1.038867
23760,1.039678
24478,1.039221
25196,1.038816
25649,1.039652
26367,1.039358
27085,1.039088
27803,1.038853
28521,1.038654
28974,1.039612
29692,1.039507
30410,1.039416
31128,1.039349

[13][21]:41-cycle
10620,1.015777
13639,1.015327
15275,1.015068
16911,1.015104
19265,1.014983
24226,1.014823
27551,1.014595

[13][21]:53-cycle
3252,1.019573
3452,1.019343
4529,1.017880
5394,1.017327
6059,1.016961
7189,1.016493
8772,1.016103
9237,1.016049
9690,1.015448
10155,1.015653
11073,1.015444
11538,1.015709
11991,1.015360
14092,1.015265
15728,1.015062
18082,1.014750
20436,1.014835
21154,1.014543
21607,1.014627
22325,1.014477
26833,1.014699
31582,1.014099

[13][22]:41-cycle
23256,1.046581
26581,1.045718
29906,1.045969

[13][22]:53-cycle
952,1.066826
4065,1.049809
4942,1.049435
5607,1.048301
6272,1.048297
9438,1.047107
9903,1.047377
10356,1.046320
10821,1.047044
11739,1.047196
13840,1.046786
15476,1.046426
17112,1.046883
17830,1.045544
18283,1.045909
20184,1.045896
20637,1.046474
21355,1.045737
25145,1.046512
25863,1.046088
28470,1.046316
29188,1.046122

[13][23]:41-cycle
14306,1.017727
15942,1.017598
17578,1.017779

[13][23]:53-cycle
4278,1.021092
5143,1.020226
5808,1.019669
6473,1.019587
13123,1.018112
14759,1.017713
16395,1.017679
18749,1.017451
21103,1.017687
21821,1.017373
22992,1.017360
23710,1.017150
25599,1.016994
28924,1.016923
29642,1.016950
30360,1.016928
31078,1.016902

[13][24]:41-cycle
3002,1.013938
9652,1.009637
24894,1.008275
28219,1.008152
31544,1.008219

[13][24]:53-cycle
1619,1.019604
2378,1.015435
2590,1.014912
3202,1.013524
3402,1.013199
4479,1.011716
5344,1.010986
6009,1.010591
6674,1.010465
7139,1.010185
8722,1.009715
9187,1.009669
10105,1.009338
10570,1.009392
11023,1.009052
11488,1.009281
13589,1.008952
14042,1.008853
15225,1.008731
15678,1.008600
16861,1.008697
17314,1.008607
19215,1.008567
19668,1.008611
20386,1.008436
23458,1.008494
24176,1.008379
25347,1.008392
26065,1.008333
26783,1.008268
27501,1.008207
28672,1.008296
29390,1.008281
30108,1.008259
30826,1.008237

[13][25]:41-cycle
1979,1.048253
10318,1.040139
14973,1.038630
16609,1.038796
23924,1.038294
27249,1.037771
30574,1.038125

[13][25]:53-cycle
4015,1.042689
4892,1.042198
5557,1.041077
6222,1.040955
9388,1.039577
9853,1.039806
10771,1.039463
11689,1.039451
13790,1.039123
15426,1.038775
17062,1.039118
19416,1.039083
20134,1.038251
21305,1.038000
23206,1.038790
25095,1.038704
25813,1.038350
26531,1.038039
27702,1.038704
28420,1.038513
29138,1.038352
29856,1.038223

[13][26]:41-cycle
12620,1.015102
20600,1.014283

[13][26]:53-cycle
1768,1.024519
4228,1.018221
5093,1.017265
5758,1.016690
6423,1.016539
13073,1.014947
14256,1.014634
14709,1.014579
15892,1.014493
16345,1.014520
17528,1.014615
18699,1.014299
19882,1.014599
21053,1.014483
21771,1.014227
22942,1.014114
23660,1.014001
29592,1.013736

[13][27]:41-cycle
2340,1.053472
5306,1.047926
5971,1.047451
6636,1.047944
17276,1.045491
24591,1.045793
27916,1.045415

[13][27]:53-cycle
7754,1.047089
8219,1.046636
11903,1.045543
12821,1.046253
14457,1.045283
16093,1.045249
17729,1.045954
20801,1.045362
21972,1.045226
22690,1.044637
27198,1.045690

[13][28]:41-cycle
7302,1.018912
13287,1.017523
21267,1.017223

[13][28]:53-cycle
4842,1.020426
5507,1.019604
6172,1.019323
8420,1.018729
8885,1.018641
9803,1.018088
10268,1.018207
10721,1.017806
11186,1.018061
12104,1.018117
13740,1.017416
17012,1.017248
18195,1.017439
19366,1.017149
22438,1.017216
23156,1.016962
23609,1.017162
24327,1.017031
25045,1.016868
26934,1.016830
27652,1.016799
28370,1.016729
30259,1.016910
30977,1.016955
31695,1.016958

[13][29]:41-cycle
3978,1.012171
7968,1.009915
13953,1.009296
17943,1.008821
22904,1.008415
26229,1.008149
29554,1.008107

[13][29]:53-cycle
1718,1.059698
2689,1.056308
4378,1.052680
7038,1.050518
9086,1.050073
9551,1.050255
10469,1.049651
10934,1.050308
11387,1.049642
15589,1.049925
18396,1.049629
21468,1.049408
22186,1.048608
22639,1.049407
23357,1.048824
24075,1.048254
25964,1.048247
29289,1.048322
30007,1.048266
30725,1.048188
31443,1.048132

[13][30]:41-cycle
3314,1.002746
8634,0.999187
12318,0.998514
19580,0.997950
21934,0.997792
25259,0.997738
28584,0.997653

[13][30]:53-cycle
2290,1.026951
3514,1.023886
4591,1.022530
6586,1.020956
10670,1.020030
13236,1.019789
13689,1.019597
14872,1.019398
15325,1.019321
16508,1.019397
17679,1.018900
18862,1.019185
20033,1.018945
23105,1.019166
23823,1.018912
24541,1.018685
24994,1.019041
25712,1.018879
26430,1.018726
27148,1.018590
27601,1.018915
28319,1.018887
29037,1.018824
29755,1.018763
30473,1.018713
31191,1.018675

[13][31]:41-cycle
1014,1.010545
9300,0.994238
26896,0.992820

[13][31]:53-cycle
696,1.035782
1520,1.021185
2079,1.017721
4792,1.012700
6787,1.011586
8370,1.010842
8835,1.010825
10218,1.010446
11136,1.010277
11601,1.010422
12054,1.010227
14155,1.010050
15791,1.009885
18145,1.009628
20499,1.009645
21670,1.009545
22388,1.009399
30927,1.009063
31645,1.009119

[13][32]:41-cycle
5005,1.031154
5670,1.030352
6335,1.030279
9966,1.029465
12985,1.028299
20247,1.028314
25926,1.028380
29251,1.028379

[13][32]:53-cycle
9036,1.040866
9501,1.041068
10419,1.040486
10884,1.041028
11337,1.040366
11802,1.041199
13903,1.040835
14356,1.040732
15539,1.040533
15992,1.040639
17893,1.039772
18346,1.040194
21418,1.039985
23307,1.039408

[13][33]:41-cycle
1322,1.018712
1681,1.015823
2652,1.011720
4341,1.008715
7666,1.007004
22602,1.005170
31859,1.004939

[13][33]:53-cycle
2440,1.022406
2852,1.021074
6536,1.017308
12268,1.015760
13186,1.015977
14822,1.015620
16458,1.015585
18812,1.015378
19983,1.015094
21884,1.015294
23055,1.015306
23773,1.015104
24944,1.015119
25662,1.015038
26380,1.014928
28269,1.014973
28987,1.014972
29705,1.014936
30423,1.014900
31141,1.014871

[13][34]:41-cycle
3677,1.042594
8332,1.039788
20914,1.039009

[13][34]:53-cycle
1470,1.059517
3877,1.050954
7402,1.048734
7867,1.048046
12934,1.047604
13387,1.047427
14570,1.046695
15023,1.046715
16206,1.046722
16659,1.046965
18560,1.046256
19013,1.046827
22085,1.046964
22803,1.046274
23974,1.046495
24692,1.046059
27299,1.045899
28017,1.045716
30624,1.046358
31342,1.046371

[13][35]:41-cycle
8998,1.012345
11299,1.011870
23269,1.010942
26594,1.010663
29919,1.010662

[13][35]:53-cycle
1112,1.034489
1830,1.027521
6950,1.020015
8068,1.019614
8533,1.019437
9916,1.018820
11752,1.018553
12217,1.018938
12670,1.018670
13853,1.018270
17125,1.018154
19479,1.018079
20650,1.017837
22551,1.018142
24440,1.017999
25158,1.017806
25876,1.017635
26329,1.017997
27047,1.017882
27765,1.017774
28483,1.017679
29201,1.017598
31808,1.017936

[13][36]:41-cycle
14319,1.003000
15955,1.002864
17591,1.002801
19945,1.002697

[13][36]:53-cycle
2802,1.014989
6486,1.010948
7616,1.010691
13136,1.009499
16408,1.009138
18044,1.009195
21116,1.009026
21834,1.008855
22287,1.008890
23005,1.008809

[13][37]:41-cycle
11966,1.033784
21582,1.032992

[13][37]:53-cycle
3627,1.043479
3827,1.043862
7352,1.041099
7817,1.040540
8282,1.040133
12884,1.039870
13337,1.039621
14520,1.039051
16156,1.039031
17792,1.039647
18963,1.038984
20864,1.039138
22035,1.039107
22753,1.038541
24642,1.038273
31292,1.038480

[13][38]:41-cycle
1992,1.018246
10331,1.010692
16622,1.009839
18258,1.009953
23937,1.009458
30587,1.009290

[13][38]:53-cycle
1421,1.027402
4905,1.017777
6900,1.016908
8018,1.016405
8483,1.016288
8948,1.016185
9866,1.015705
11249,1.015666
11702,1.015344
12167,1.015715
13803,1.015112
17075,1.014953
19429,1.014859
22501,1.014890
23219,1.014666
24390,1.014745
25108,1.014589
25826,1.014447
26279,1.014668
26997,1.014616
27715,1.014538
28433,1.014463
29151,1.014398
30322,1.014681
31040,1.014669
31758,1.014657

[13][39]:41-cycle
10997,1.042539
15652,1.042245
22249,1.041151

[13][39]:53-cycle
2552,1.053087
2964,1.051911
3164,1.051391
3364,1.051137
4441,1.048871
7101,1.047179
8684,1.046761
9149,1.046810
9614,1.046967
10532,1.046446
11450,1.046483
12368,1.046896
13551,1.045768
14004,1.045634
16823,1.045563
18459,1.046560
19177,1.045434
19630,1.045975
21531,1.046369
23420,1.045860
24138,1.045309
25309,1.045725
26027,1.045394
26745,1.045071
28634,1.045584
29352,1.045478
30070,1.045365
30788,1.045275
31506,1.045216

[13][40]:41-cycle
4654,1.016733
6649,1.015376
17289,1.013454
18925,1.013728
24604,1.013318
27929,1.013145
31254,1.013274

[13][40]:53-cycle
1223,1.032673
2141,1.025767
3577,1.022074
3777,1.022067
9350,1.018935
12834,1.018047
14935,1.018120
15388,1.018127
16571,1.018122
17742,1.017685
20096,1.017729
21985,1.017246
23886,1.017676
25775,1.017656
26493,1.017507
27211,1.017376
29100,1.017606
29818,1.017543
30536,1.017493

[13][41]:53-cycle
1371,1.022481
1942,1.017920
4190,1.012953
4855,1.011764
5055,1.011926
5720,1.011364
6385,1.011128
6850,1.010740
7515,1.010882
8433,1.010108
8898,1.010023
10016,1.010151
10281,1.009665
11199,1.009514
12117,1.009479
12582,1.009660
13035,1.009467
13500,1.009776
14218,1.009289
14671,1.009165
15136,1.009520
15854,1.009138
16307,1.009073
17490,1.009168
18208,1.008889
18661,1.008874
19379,1.008695
19844,1.009106
20297,1.009119
20562,1.008898
21015,1.008982
21733,1.008826
22451,1.008677
23622,1.008597
24340,1.008538
24805,1.009010
25523,1.008912
26694,1.008977
26947,1.008383
27412,1.008926
28130,1.008873
28848,1.008825
30272,1.008384
30990,1.008419
31708,1.008422

[13][42]:53-cycle
2502,1.005029
2702,1.004292
2914,1.003942
3114,1.003464
4391,1.001583
5268,1.001000
5933,1.000585
7051,0.999962
8181,0.999675
9099,0.999417
9564,0.999355
10482,0.999168
10947,0.999104
11400,0.998994
11865,0.998946
14419,0.998620
15602,0.998575
16055,0.998479
17238,0.998437
18409,0.998362
20763,0.998216
21481,0.998229
22199,0.998236
22652,0.998081
23370,0.998138
24088,0.998159
25977,0.998014
29302,0.997925
30020,0.997972
30738,0.997984
31456,0.997985

[13][43]:53-cycle
867,1.013841
2303,1.000805
3527,0.997962
3727,0.997549
4604,0.996722
5469,0.995992
6134,0.995594
6599,0.995531
7264,0.995118
9765,0.994435
10683,0.994235
13249,0.993994
13702,0.993847
14885,0.993903
15338,0.993733
16521,0.993734
16974,0.993540
17692,0.993733
18875,0.993611
19328,0.993392
20046,0.993551
21229,0.993370
23118,0.993352
23836,0.993417
24289,0.993154
24554,0.993472
25007,0.993257
25725,0.993319
26443,0.993363
27161,0.993397
27614,0.993115
28332,0.993188
29050,0.993222
29768,0.993240
30486,0.993248
31204,0.993250

[13][44]:53-cycle
1892,1.038203
3940,1.032303
4140,1.032763
7465,1.030476
7930,1.030003
12532,1.028836
13450,1.029403
15086,1.028954
16722,1.029079
17440,1.028210
19076,1.028930
19794,1.028279
20965,1.028049
22148,1.028973
22866,1.028538
24037,1.028702
24755,1.028399
25473,1.028123
26191,1.027879
26644,1.028446
27362,1.028310
28080,1.028165
28798,1.028036
29516,1.027929
29969,1.028583
30687,1.028574
31405,1.028550

[13][45]:53-cycle
3064,1.011086
5218,1.008551
5883,1.008096
8131,1.007140
8596,1.007004
9514,1.006629
10897,1.006419
11815,1.006317
12733,1.006284
13916,1.006074
14369,1.005944
15552,1.005907
16005,1.005813
17188,1.005867
17641,1.005801
18359,1.005664
19542,1.005755
20713,1.005635
21431,1.005529
24503,1.005596
25221,1.005524
27110,1.005506
27828,1.005464
28546,1.005425

[13][46]:53-cycle
2041,1.048153
4754,1.042278
6084,1.040619
6749,1.041124
7214,1.040145
8797,1.039960
9262,1.039952
10180,1.039280
11098,1.039090
11563,1.039767
12016,1.039299
12481,1.040222
14117,1.039180
15753,1.038956
17389,1.039425
19743,1.039556
20461,1.038747
21632,1.038599
23533,1.039414
25422,1.039385
26140,1.039049
26858,1.038756
28747,1.039282
29465,1.039138
30183,1.039024

[13][47]:53-cycle
4090,1.015193
4967,1.014558
5632,1.013919
6297,1.013671
7415,1.012909
9463,1.012612
10381,1.012237
10846,1.012417
12947,1.011860
13400,1.011746
15501,1.011870
16672,1.011395
17855,1.011531
18308,1.011550
19026,1.011290
20209,1.011529
21380,1.011425
22098,1.011236
23987,1.011025
30637,1.010864
31355,1.010890

[13][48]:53-cycle
4303,1.006580
5168,1.005792
5833,1.005336
6963,1.004776
8081,1.004361
8546,1.004250
11765,1.003566
12230,1.003621
12683,1.003454
14784,1.003357
17138,1.003109
18774,1.003082
19492,1.002987
20663,1.002835
22564,1.002895
23735,1.002850
24453,1.002807
25171,1.002764
25624,1.002720
25889,1.002725
26342,1.002731
27060,1.002715
27778,1.002693
28496,1.002671
28949,1.002636
29214,1.002649
29667,1.002664
30385,1.002665
31103,1.002658
31821,1.002650

[13][49]:53-cycle
2203,1.042311
3427,1.038135
4704,1.037257
5369,1.035924
6034,1.035551
6699,1.035905
8747,1.034745
9212,1.034729
10595,1.034435
11513,1.034456
12431,1.034797
13614,1.033900
14067,1.033847
15703,1.033580
16886,1.033728
17339,1.033953
18522,1.034458
19240,1.033619
19693,1.034067
20411,1.033375
23483,1.033923
24201,1.033510
25372,1.033862
26090,1.033582
26808,1.033330
27526,1.033112
27979,1.033860
28697,1.033749
29415,1.033636
30133,1.033540
30851,1.033469

[13][50]:53-cycle
3840,1.014043
4040,1.014001
5582,1.012676
6247,1.012393
7365,1.011578
9413,1.011254
10796,1.011050
12897,1.010517
13350,1.010357
15451,1.010479
17805,1.010159
18976,1.009888
20159,1.010138
20877,1.009921
21330,1.009988
22048,1.009850
26556,1.009923
29881,1.009912
31305,1.009475

[13][51]:53-cycle
1075,1.059432
2764,1.048566
4253,1.044907
6448,1.043285
7578,1.043434
10079,1.043053
13098,1.041720
15199,1.042360
16370,1.041083
17553,1.041383
18006,1.041753
19907,1.041577
20360,1.042200
21078,1.041418
22967,1.040781
24868,1.041933
27475,1.041897
28193,1.041665

[13][52]:53-cycle
1594,1.025137
3377,1.018251
7779,1.015519
8244,1.015301
11928,1.014483
12381,1.014252
14482,1.014204
16118,1.014103
18472,1.013853
19643,1.013589
20826,1.013965
21544,1.013700
22715,1.013673
23433,1.013490
25322,1.013369
28647,1.013268
29365,1.013253

14-term Groups

[14][0]:41-cycle
43373,1.042178
45515,1.041670
49358,1.042073
57032,1.041897
58456,1.041475
60409,1.077218
64240,1.077185
66647,1.077143
71915,1.041831
74574,1.077043
77435,1.041798

[14][41]:53-cycle
16772,1.078126
19126,1.077962

[14][42]:53-cycle
7716,1.044153
12783,1.043241
27878,1.042327
